timestamp_jst,epoch,ticker,open,high,low,close,volume
2024-09-09 09:00:00,1725840000,6785.T,1563.0,1628.0,1550.0,1616.0,65600
2024-09-10 09:00:00,1725926400,6785.T,1622.0,1631.0,1583.0,1583.0,59600
2024-09-11 09:00:00,1726012800,6785.T,1579.0,1625.0,1549.0,1563.0,110600
2024-09-12 09:00:00,1726099200,6785.T,1600.0,1600.0,1544.0,1557.0,106000
2024-09-13 09:00:00,1726185600,6785.T,1543.0,1559.0,1525.0,1543.0,85000
2024-09-17 09:00:00,1726531200,6785.T,1561.0,1585.0,1549.0,1578.0,113600
2024-09-18 09:00:00,1726617600,6785.T,1590.0,1631.0,1590.0,1620.0,82500
2024-09-19 09:00:00,1726704000,6785.T,1620.0,1630.0,1592.0,1599.0,113900
2024-09-20 09:00:00,1726790400,6785.T,1605.0,1627.0,1596.0,1608.0,114600
2024-09-24 09:00:00,1727136000,6785.T,1620.0,1642.0,1609.0,1631.0,81000
2024-09-25 09:00:00,1727222400,6785.T,1622.0,1628.0,1591.0,1596.0,66100
2024-09-26 09:00:00,1727308800,6785.T,1598.0,1646.0,1592.0,1642.0,110000
2024-09-27 09:00:00,1727395200,6785.T,1650.0,1660.0,1615.0,1631.0,101800
2024-09-30 09:00:00,1727654400,6785.T,1625.0,1660.0,1620.0,1635.0,50900
2024-10-01 09:00:00,1727740800,6785.T,1659.0,1666.0,1630.0,1640.0,85700
2024-10-02 09:00:00,1727827200,6785.T,1633.0,1670.0,1626.0,1637.0,49400
2024-10-03 09:00:00,1727913600,6785.T,1675.0,1676.0,1621.0,1632.0,80400
2024-10-04 09:00:00,1728000000,6785.T,1633.0,1657.0,1633.0,1653.0,52600
2024-10-07 09:00:00,1728259200,6785.T,1729.0,1748.0,1708.0,1720.0,178900
2024-10-08 09:00:00,1728345600,6785.T,1713.0,1713.0,1675.0,1689.0,116800
2024-10-09 09:00:00,1728432000,6785.T,1699.0,1699.0,1661.0,1681.0,122400
2024-10-10 09:00:00,1728518400,6785.T,1704.0,1728.0,1675.0,1690.0,63600
2024-10-11 09:00:00,1728604800,6785.T,1705.0,1708.0,1680.0,1688.0,52600
2024-10-15 09:00:00,1728950400,6785.T,1700.0,1728.0,1678.0,1704.0,79200
2024-10-16 09:00:00,1729036800,6785.T,1784.0,1865.0,1782.0,1858.0,463400
2024-10-17 09:00:00,1729123200,6785.T,1890.0,1895.0,1848.0,1874.0,207900
2024-10-18 09:00:00,1729209600,6785.T,1871.0,1933.0,1856.0,1924.0,263100
2024-10-21 09:00:00,1729468800,6785.T,1943.0,1973.0,1907.0,1915.0,185100
2024-10-22 09:00:00,1729555200,6785.T,1902.0,1930.0,1887.0,1927.0,126300
2024-10-23 09:00:00,1729641600,6785.T,1912.0,1930.0,1882.0,1886.0,89300
2024-10-24 09:00:00,1729728000,6785.T,1857.0,1915.0,1851.0,1902.0,81300
2024-10-25 09:00:00,1729814400,6785.T,1905.0,1905.0,1850.0,1876.0,89200
2024-10-28 09:00:00,1730073600,6785.T,1880.0,1915.0,1862.0,1872.0,112900
2024-10-29 09:00:00,1730160000,6785.T,1862.0,1904.0,1851.0,1903.0,63200
2024-10-30 09:00:00,1730246400,6785.T,1920.0,1930.0,1865.0,1867.0,159800
2024-10-31 09:00:00,1730332800,6785.T,1866.0,1914.0,1865.0,1893.0,72600
2024-11-01 09:00:00,1730419200,6785.T,1860.0,1872.0,1815.0,1824.0,138300
2024-11-05 09:00:00,1730764800,6785.T,1830.0,1835.0,1795.0,1816.0,88200
2024-11-06 09:00:00,1730851200,6785.T,1830.0,1850.0,1822.0,1825.0,67700
2024-11-07 09:00:00,1730937600,6785.T,1825.0,1883.0,1825.0,1880.0,87000
2024-11-08 09:00:00,1731024000,6785.T,1910.0,1917.0,1862.0,1876.0,90600
2024-11-11 09:00:00,1731283200,6785.T,1900.0,1908.0,1850.0,1861.0,125300
2024-11-12 09:00:00,1731369600,6785.T,1884.0,1903.0,1792.0,1850.0,374700
2024-11-13 09:00:00,1731456000,6785.T,1777.0,1830.0,1751.0,1794.0,198400
2024-11-14 09:00:00,1731542400,6785.T,1760.0,1780.0,1751.0,1758.0,116800
2024-11-15 09:00:00,1731628800,6785.T,1769.0,1801.0,1759.0,1775.0,89600
2024-11-18 09:00:00,1731888000,6785.T,1753.0,1769.0,1734.0,1737.0,107200
2024-11-19 09:00:00,1731974400,6785.T,1737.0,1800.0,1736.0,1788.0,128100
2024-11-20 09:00:00,1732060800,6785.T,1794.0,1823.0,1793.0,1816.0,85300
2024-11-21 09:00:00,1732147200,6785.T,1831.0,1880.0,1828.0,1861.0,122900
2024-11-22 09:00:00,1732233600,6785.T,1875.0,1943.0,1843.0,1937.0,144100
2024-11-25 09:00:00,1732492800,6785.T,1975.0,1989.0,1939.0,1957.0,130800
2024-11-26 09:00:00,1732579200,6785.T,1965.0,1969.0,1911.0,1942.0,124700
2024-11-27 09:00:00,1732665600,6785.T,1935.0,1950.0,1912.0,1935.0,54700
2024-11-28 09:00:00,1732752000,6785.T,1930.0,1960.0,1920.0,1924.0,71600
2024-11-29 09:00:00,1732838400,6785.T,1901.0,1929.0,1901.0,1915.0,44100
2024-12-02 09:00:00,1733097600,6785.T,1938.0,1959.0,1933.0,1947.0,46400
2024-12-03 09:00:00,1733184000,6785.T,1955.0,1959.0,1913.0,1923.0,60800
2024-12-04 09:00:00,1733270400,6785.T,1913.0,1919.0,1890.0,1891.0,56500
2024-12-05 09:00:00,1733356800,6785.T,1894.0,1898.0,1833.0,1836.0,92900
2024-12-06 09:00:00,1733443200,6785.T,1837.0,1872.0,1837.0,1848.0,63100
2024-12-09 09:00:00,1733702400,6785.T,1849.0,1850.0,1805.0,1811.0,90000
2024-12-10 09:00:00,1733788800,6785.T,1822.0,1837.0,1812.0,1825.0,54800
2024-12-11 09:00:00,1733875200,6785.T,1833.0,1864.0,1818.0,1856.0,79200
2024-12-12 09:00:00,1733961600,6785.T,1860.0,1891.0,1856.0,1856.0,62400
2024-12-13 09:00:00,1734048000,6785.T,1847.0,1855.0,1814.0,1818.0,78700
2024-12-16 09:00:00,1734307200,6785.T,1816.0,1838.0,1811.0,1821.0,52200
2024-12-17 09:00:00,1734393600,6785.T,1838.0,1840.0,1780.0,1785.0,100900
2024-12-18 09:00:00,1734480000,6785.T,1770.0,1790.0,1751.0,1774.0,73000
2024-12-19 09:00:00,1734566400,6785.T,1734.0,1776.0,1728.0,1770.0,94000
2024-12-20 09:00:00,1734652800,6785.T,1780.0,1813.0,1777.0,1790.0,56000
2024-12-23 09:00:00,1734912000,6785.T,1817.0,1820.0,1760.0,1768.0,97200
2024-12-24 09:00:00,1734998400,6785.T,1765.0,1768.0,1751.0,1755.0,69300
2024-12-25 09:00:00,1735084800,6785.T,1759.0,1774.0,1745.0,1774.0,112600
2024-12-26 09:00:00,1735171200,6785.T,1760.0,1821.0,1760.0,1805.0,144400
2024-12-27 09:00:00,1735257600,6785.T,1779.0,1779.0,1752.0,1779.0,104000
2024-12-30 09:00:00,1735516800,6785.T,1780.0,1832.0,1780.0,1813.0,105600
2025-01-06 09:00:00,1736121600,6785.T,1818.0,1826.0,1800.0,1814.0,80800
2025-01-07 09:00:00,1736208000,6785.T,1830.0,1848.0,1795.0,1797.0,93500
2025-01-08 09:00:00,1736294400,6785.T,1797.0,1820.0,1797.0,1817.0,43700
2025-01-09 09:00:00,1736380800,6785.T,1817.0,1833.0,1797.0,1803.0,58600
2025-01-10 09:00:00,1736467200,6785.T,1803.0,1830.0,1799.0,1800.0,39300
2025-01-14 09:00:00,1736812800,6785.T,1825.0,1825.0,1760.0,1768.0,90900
2025-01-15 09:00:00,1736899200,6785.T,1769.0,1783.0,1738.0,1744.0,55100
2025-01-16 09:00:00,1736985600,6785.T,1745.0,1758.0,1736.0,1736.0,49100
2025-01-17 09:00:00,1737072000,6785.T,1730.0,1747.0,1719.0,1743.0,40400
2025-01-20 09:00:00,1737331200,6785.T,1742.0,1750.0,1721.0,1721.0,49200
2025-01-21 09:00:00,1737417600,6785.T,1720.0,1745.0,1707.0,1732.0,46400
2025-01-22 09:00:00,1737504000,6785.T,1735.0,1775.0,1735.0,1773.0,51500
2025-01-23 09:00:00,1737590400,6785.T,1777.0,1777.0,1738.0,1740.0,47300
2025-01-24 09:00:00,1737676800,6785.T,1740.0,1795.0,1732.0,1783.0,79500
2025-01-27 09:00:00,1737936000,6785.T,1796.0,1796.0,1766.0,1766.0,37500
2025-01-28 09:00:00,1738022400,6785.T,1760.0,1760.0,1733.0,1743.0,80800
2025-01-29 09:00:00,1738108800,6785.T,1744.0,1781.0,1744.0,1771.0,48900
2025-01-30 09:00:00,1738195200,6785.T,1771.0,1771.0,1740.0,1768.0,40400
2025-01-31 09:00:00,1738281600,6785.T,1768.0,1768.0,1753.0,1753.0,28100
2025-02-03 09:00:00,1738540800,6785.T,1749.0,1749.0,1702.0,1702.0,89500
2025-02-04 09:00:00,1738627200,6785.T,1725.0,1728.0,1701.0,1701.0,44000
2025-02-05 09:00:00,1738713600,6785.T,1713.0,1724.0,1703.0,1714.0,40100
2025-02-06 09:00:00,1738800000,6785.T,1726.0,1733.0,1703.0,1712.0,40700
2025-02-07 09:00:00,1738886400,6785.T,1712.0,1724.0,1705.0,1715.0,45500
2025-02-10 09:00:00,1739145600,6785.T,1729.0,1732.0,1691.0,1732.0,95100
2025-02-12 09:00:00,1739318400,6785.T,1818.0,1904.0,1766.0,1853.0,359200
2025-02-13 09:00:00,1739404800,6785.T,1868.0,1870.0,1800.0,1800.0,92400
2025-02-14 09:00:00,1739491200,6785.T,1800.0,1805.0,1760.0,1760.0,64200
2025-02-17 09:00:00,1739750400,6785.T,1772.0,1783.0,1743.0,1746.0,53700
2025-02-18 09:00:00,1739836800,6785.T,1755.0,1770.0,1741.0,1760.0,36400
2025-02-19 09:00:00,1739923200,6785.T,1760.0,1760.0,1692.0,1692.0,115200
2025-02-20 09:00:00,1740009600,6785.T,1691.0,1709.0,1680.0,1706.0,74100
2025-02-21 09:00:00,1740096000,6785.T,1688.0,1689.0,1635.0,1643.0,166200
2025-02-25 09:00:00,1740441600,6785.T,1635.0,1697.0,1632.0,1691.0,85600
2025-02-26 09:00:00,1740528000,6785.T,1690.0,1690.0,1651.0,1671.0,60800
2025-02-27 09:00:00,1740614400,6785.T,1672.0,1681.0,1672.0,1674.0,25900
2025-02-28 09:00:00,1740700800,6785.T,1662.0,1677.0,1630.0,1640.0,77400
2025-03-03 09:00:00,1740960000,6785.T,1655.0,1697.0,1648.0,1685.0,77400
2025-03-04 09:00:00,1741046400,6785.T,1680.0,1680.0,1647.0,1654.0,47800
2025-03-05 09:00:00,1741132800,6785.T,1657.0,1682.0,1657.0,1664.0,49700
2025-03-06 09:00:00,1741219200,6785.T,1671.0,1691.0,1671.0,1681.0,33800
2025-03-07 09:00:00,1741305600,6785.T,1654.0,1692.0,1639.0,1692.0,55900
2025-03-10 09:00:00,1741564800,6785.T,1695.0,1695.0,1665.0,1671.0,36200
2025-03-11 09:00:00,1741651200,6785.T,1649.0,1653.0,1628.0,1653.0,95600
2025-03-12 09:00:00,1741737600,6785.T,1636.0,1686.0,1636.0,1678.0,39500
2025-03-13 09:00:00,1741824000,6785.T,1685.0,1706.0,1659.0,1673.0,57400
2025-03-14 09:00:00,1741910400,6785.T,1655.0,1685.0,1655.0,1681.0,36700
2025-03-17 09:00:00,1742169600,6785.T,1700.0,1705.0,1682.0,1682.0,41300
2025-03-18 09:00:00,1742256000,6785.T,1687.0,1714.0,1686.0,1711.0,50200
2025-03-19 09:00:00,1742342400,6785.T,1723.0,1734.0,1706.0,1723.0,64400
2025-03-21 09:00:00,1742515200,6785.T,1723.0,1744.0,1717.0,1723.0,47800
2025-03-24 09:00:00,1742774400,6785.T,1750.0,1760.0,1723.0,1735.0,42900
2025-03-25 09:00:00,1742860800,6785.T,1760.0,1760.0,1731.0,1734.0,42600
2025-03-26 09:00:00,1742947200,6785.T,1740.0,1750.0,1726.0,1749.0,46500
2025-03-27 09:00:00,1743033600,6785.T,1733.0,1749.0,1711.0,1737.0,80700
2025-03-28 09:00:00,1743120000,6785.T,1747.0,1772.0,1736.0,1756.0,85300
2025-03-31 09:00:00,1743379200,6785.T,1741.0,1741.0,1684.0,1684.0,89000
2025-04-01 09:00:00,1743465600,6785.T,1701.0,1704.0,1673.0,1673.0,65300
2025-04-02 09:00:00,1743552000,6785.T,1673.0,1689.0,1643.0,1646.0,52700
2025-04-03 09:00:00,1743638400,6785.T,1566.0,1620.0,1566.0,1597.0,123900
2025-04-04 09:00:00,1743724800,6785.T,1528.0,1542.0,1432.0,1468.0,212400
2025-04-07 09:00:00,1743984000,6785.T,1294.0,1379.0,1289.0,1351.0,177300
2025-04-08 09:00:00,1744070400,6785.T,1460.0,1493.0,1422.0,1442.0,129500
2025-04-09 09:00:00,1744156800,6785.T,1412.0,1417.0,1335.0,1356.0,130300
2025-04-10 09:00:00,1744243200,6785.T,1498.0,1498.0,1442.0,1455.0,81500
2025-04-11 09:00:00,1744329600,6785.T,1401.0,1462.0,1380.0,1456.0,81900
2025-04-14 09:00:00,1744588800,6785.T,1478.0,1496.0,1464.0,1492.0,77700
2025-04-15 09:00:00,1744675200,6785.T,1493.0,1505.0,1481.0,1486.0,58100
2025-04-16 09:00:00,1744761600,6785.T,1501.0,1501.0,1470.0,1479.0,66700
2025-04-17 09:00:00,1744848000,6785.T,1489.0,1510.0,1480.0,1500.0,43900
2025-04-18 09:00:00,1744934400,6785.T,1516.0,1538.0,1515.0,1532.0,40500
2025-04-21 09:00:00,1745193600,6785.T,1538.0,1538.0,1496.0,1519.0,97800
2025-04-22 09:00:00,1745280000,6785.T,1510.0,1533.0,1498.0,1507.0,65300
2025-04-23 09:00:00,1745366400,6785.T,1540.0,1541.0,1517.0,1538.0,74100
2025-04-24 09:00:00,1745452800,6785.T,1542.0,1566.0,1519.0,1543.0,133600
2025-04-25 09:00:00,1745539200,6785.T,1550.0,1598.0,1550.0,1589.0,75000
2025-04-28 09:00:00,1745798400,6785.T,1600.0,1624.0,1592.0,1602.0,101400
2025-04-30 09:00:00,1745971200,6785.T,1620.0,1621.0,1596.0,1613.0,61300
2025-05-01 09:00:00,1746057600,6785.T,1611.0,1614.0,1593.0,1599.0,47400
2025-05-02 09:00:00,1746144000,6785.T,1604.0,1614.0,1590.0,1595.0,48900
2025-05-07 09:00:00,1746576000,6785.T,1603.0,1620.0,1603.0,1603.0,41200
2025-05-08 09:00:00,1746662400,6785.T,1610.0,1615.0,1583.0,1591.0,46500
2025-05-09 09:00:00,1746748800,6785.T,1608.0,1620.0,1605.0,1606.0,34700
2025-05-12 09:00:00,1747008000,6785.T,1617.0,1643.0,1615.0,1642.0,60000
2025-05-13 09:00:00,1747094400,6785.T,1660.0,1660.0,1634.0,1641.0,45600
2025-05-14 09:00:00,1747180800,6785.T,1642.0,1642.0,1605.0,1623.0,81400
2025-05-15 09:00:00,1747267200,6785.T,1716.0,1726.0,1656.0,1681.0,210900
2025-05-16 09:00:00,1747353600,6785.T,1686.0,1713.0,1680.0,1700.0,71800
2025-05-19 09:00:00,1747612800,6785.T,1701.0,1720.0,1689.0,1710.0,75300
2025-05-20 09:00:00,1747699200,6785.T,1710.0,1735.0,1700.0,1708.0,101600
2025-05-21 09:00:00,1747785600,6785.T,1709.0,1719.0,1698.0,1701.0,48500
2025-05-22 09:00:00,1747872000,6785.T,1685.0,1701.0,1673.0,1696.0,59400
2025-05-23 09:00:00,1747958400,6785.T,1708.0,1716.0,1698.0,1704.0,40400
2025-05-26 09:00:00,1748217600,6785.T,1704.0,1718.0,1695.0,1718.0,45800
2025-05-27 09:00:00,1748304000,6785.T,1732.0,1756.0,1724.0,1756.0,67500
2025-05-28 09:00:00,1748390400,6785.T,1765.0,1769.0,1742.0,1751.0,51800
2025-05-29 09:00:00,1748476800,6785.T,1751.0,1762.0,1748.0,1761.0,38000
2025-05-30 09:00:00,1748563200,6785.T,1751.0,1768.0,1748.0,1751.0,48000
2025-06-02 09:00:00,1748822400,6785.T,1750.0,1750.0,1730.0,1742.0,68500
2025-06-03 09:00:00,1748908800,6785.T,1746.0,1746.0,1722.0,1727.0,44400
2025-06-04 09:00:00,1748995200,6785.T,1731.0,1743.0,1731.0,1735.0,39800
2025-06-05 09:00:00,1749081600,6785.T,1735.0,1738.0,1715.0,1729.0,45700
2025-06-06 09:00:00,1749168000,6785.T,1732.0,1749.0,1720.0,1736.0,42800
2025-06-09 09:00:00,1749427200,6785.T,1751.0,1751.0,1721.0,1723.0,47300
2025-06-10 09:00:00,1749513600,6785.T,1728.0,1743.0,1725.0,1725.0,37700
2025-06-11 09:00:00,1749600000,6785.T,1727.0,1736.0,1724.0,1732.0,31200
2025-06-12 09:00:00,1749686400,6785.T,1731.0,1743.0,1722.0,1741.0,55200
2025-06-13 09:00:00,1749772800,6785.T,1742.0,1742.0,1705.0,1711.0,93200
2025-06-16 09:00:00,1750032000,6785.T,1732.0,1757.0,1731.0,1751.0,95800
2025-06-17 09:00:00,1750118400,6785.T,1753.0,1780.0,1745.0,1779.0,77700
2025-06-18 09:00:00,1750204800,6785.T,1778.0,1788.0,1756.0,1779.0,177100
2025-06-19 09:00:00,1750291200,6785.T,1780.0,1815.0,1768.0,1807.0,103800
2025-06-20 09:00:00,1750377600,6785.T,1800.0,1806.0,1772.0,1772.0,137700
2025-06-23 09:00:00,1750636800,6785.T,1771.0,1791.0,1762.0,1777.0,125600
2025-06-24 09:00:00,1750723200,6785.T,1790.0,1802.0,1773.0,1779.0,107400
2025-06-25 09:00:00,1750809600,6785.T,1780.0,1800.0,1762.0,1798.0,114800
2025-06-26 09:00:00,1750896000,6785.T,1802.0,1810.0,1781.0,1783.0,216000
2025-06-27 09:00:00,1750982400,6785.T,1734.0,1768.0,1727.0,1754.0,225700
2025-06-30 09:00:00,1751241600,6785.T,1755.0,1779.0,1755.0,1763.0,100400
2025-07-01 09:00:00,1751328000,6785.T,1759.0,1762.0,1742.0,1755.0,56100
2025-07-02 09:00:00,1751414400,6785.T,1746.0,1801.0,1746.0,1758.0,138400
2025-07-03 09:00:00,1751500800,6785.T,1755.0,1773.0,1755.0,1756.0,40800
2025-07-04 09:00:00,1751587200,6785.T,1760.0,1770.0,1755.0,1760.0,51300
2025-07-07 09:00:00,1751846400,6785.T,1761.0,1761.0,1738.0,1744.0,55600
2025-07-08 09:00:00,1751932800,6785.T,1743.0,1775.0,1743.0,1765.0,57400
2025-07-09 09:00:00,1752019200,6785.T,1775.0,1784.0,1755.0,1759.0,68800
2025-07-10 09:00:00,1752105600,6785.T,1759.0,1765.0,1743.0,1757.0,54000
2025-07-11 09:00:00,1752192000,6785.T,1760.0,1777.0,1751.0,1760.0,48300
2025-07-14 09:00:00,1752451200,6785.T,1755.0,1771.0,1755.0,1759.0,49100
2025-07-15 09:00:00,1752537600,6785.T,1755.0,1789.0,1753.0,1789.0,76800
2025-07-16 09:00:00,1752624000,6785.T,1789.0,1789.0,1762.0,1767.0,35400
2025-07-17 09:00:00,1752710400,6785.T,1771.0,1783.0,1751.0,1779.0,52000
2025-07-18 09:00:00,1752796800,6785.T,1775.0,1790.0,1766.0,1772.0,52700
2025-07-22 09:00:00,1753142400,6785.T,1772.0,1798.0,1770.0,1781.0,65900
2025-07-23 09:00:00,1753228800,6785.T,1795.0,1820.0,1785.0,1820.0,134300
2025-07-24 09:00:00,1753315200,6785.T,1830.0,1855.0,1820.0,1840.0,127300
2025-07-25 09:00:00,1753401600,6785.T,1837.0,1837.0,1810.0,1820.0,70500
2025-07-28 09:00:00,1753660800,6785.T,1829.0,1832.0,1818.0,1829.0,62000
2025-07-29 09:00:00,1753747200,6785.T,1823.0,1838.0,1819.0,1827.0,51500
2025-07-30 09:00:00,1753833600,6785.T,1824.0,1835.0,1813.0,1825.0,56100
2025-07-31 09:00:00,1753920000,6785.T,1825.0,1855.0,1825.0,1855.0,56200
2025-08-01 09:00:00,1754006400,6785.T,1839.0,1875.0,1839.0,1871.0,49300
2025-08-04 09:00:00,1754265600,6785.T,1839.0,1852.0,1833.0,1848.0,56500
2025-08-05 09:00:00,1754352000,6785.T,1847.0,1860.0,1835.0,1850.0,54700
2025-08-06 09:00:00,1754438400,6785.T,1850.0,1870.0,1850.0,1870.0,40300
2025-08-07 09:00:00,1754524800,6785.T,1866.0,1872.0,1854.0,1872.0,45900
2025-08-08 09:00:00,1754611200,6785.T,1876.0,1889.0,1854.0,1861.0,123200
2025-08-12 09:00:00,1754956800,6785.T,1933.0,1974.0,1919.0,1971.0,279200
2025-08-13 09:00:00,1755043200,6785.T,1975.0,2010.0,1960.0,1988.0,172100
2025-08-14 09:00:00,1755129600,6785.T,1988.0,2001.0,1971.0,1977.0,66500
2025-08-15 09:00:00,1755216000,6785.T,1982.0,2038.0,1971.0,2038.0,108600
2025-08-18 09:00:00,1755475200,6785.T,2057.0,2079.0,2043.0,2047.0,101600
2025-08-19 09:00:00,1755561600,6785.T,2047.0,2060.0,2039.0,2052.0,67200
2025-08-20 09:00:00,1755648000,6785.T,2051.0,2085.0,2037.0,2072.0,74100
2025-08-21 09:00:00,1755734400,6785.T,2077.0,2104.0,2069.0,2094.0,92300
2025-08-22 09:00:00,1755820800,6785.T,2104.0,2120.0,2077.0,2120.0,97300
2025-08-25 09:00:00,1756080000,6785.T,2125.0,2162.0,2125.0,2135.0,112700
2025-08-26 09:00:00,1756166400,6785.T,2130.0,2132.0,2098.0,2106.0,62500
2025-08-27 09:00:00,1756252800,6785.T,2108.0,2119.0,2091.0,2092.0,56200
2025-08-28 09:00:00,1756339200,6785.T,2092.0,2133.0,2085.0,2132.0,58100
2025-08-29 09:00:00,1756425600,6785.T,2120.0,2154.0,2120.0,2137.0,46300
2025-09-01 09:00:00,1756684800,6785.T,2096.0,2111.0,2074.0,2079.0,69900
2025-09-02 09:00:00,1756771200,6785.T,2077.0,2083.0,2050.0,2051.0,44900
2025-09-03 09:00:00,1756857600,6785.T,2047.0,2098.0,2038.0,2059.0,52600
2025-09-04 09:00:00,1756944000,6785.T,2060.0,2070.0,2050.0,2067.0,40900
2025-09-05 09:00:00,1757030400,6785.T,2067.0,2094.0,2067.0,2088.0,40500
2025-09-08 09:00:00,1757289600,6785.T,2091.0,2120.0,2086.0,2119.0,56800
2025-09-09 09:00:00,1757376000,6785.T,2137.0,2151.0,2108.0,2118.0,51500
2025-09-10 09:00:00,1757462400,6785.T,2125.0,2130.0,2115.0,2130.0,29500
2025-09-11 09:00:00,1757548800,6785.T,2146.0,2172.0,2131.0,2169.0,64600
2025-09-12 09:00:00,1757635200,6785.T,2190.0,2207.0,2169.0,2180.0,74800
2025-09-16 09:00:00,1757980800,6785.T,2185.0,2213.0,2180.0,2213.0,46200
2025-09-17 09:00:00,1758067200,6785.T,2203.0,2208.0,2178.0,2184.0,57400
2025-09-18 09:00:00,1758153600,6785.T,2184.0,2225.0,2171.0,2217.0,60700
2025-09-19 09:00:00,1758240000,6785.T,2235.0,2239.0,2197.0,2222.0,61300
2025-09-22 09:00:00,1758499200,6785.T,2218.0,2235.0,2193.0,2208.0,51200
2025-09-24 09:00:00,1758672000,6785.T,2208.0,2221.0,2187.0,2221.0,57800
2025-09-25 09:00:00,1758758400,6785.T,2220.0,2239.0,2215.0,2236.0,37200
2025-09-26 09:00:00,1758844800,6785.T,2249.0,2250.0,2222.0,2236.0,64300
2025-09-29 09:00:00,1759104000,6785.T,2236.0,2236.0,2206.0,2211.0,58000
2025-09-30 09:00:00,1759190400,6785.T,2201.0,2208.0,2163.0,2187.0,62100
2025-10-01 09:00:00,1759276800,6785.T,2169.0,2177.0,2090.0,2102.0,103000
2025-10-02 09:00:00,1759363200,6785.T,2087.0,2150.0,2085.0,2149.0,89800
2025-10-03 09:00:00,1759449600,6785.T,2128.0,2193.0,2128.0,2191.0,56400
2025-10-06 09:00:00,1759708800,6785.T,2247.0,2257.0,2223.0,2232.0,75200
2025-10-07 09:00:00,1759795200,6785.T,2233.0,2252.0,2230.0,2240.0,54600
2025-10-08 09:00:00,1759881600,6785.T,2231.0,2249.0,2227.0,2231.0,48100
2025-10-09 09:00:00,1759968000,6785.T,2245.0,2250.0,2220.0,2232.0,44600
2025-10-10 09:00:00,1760054400,6785.T,2203.0,2204.0,2132.0,2140.0,75300
2025-10-14 09:00:00,1760400000,6785.T,2100.0,2132.0,2078.0,2098.0,91700
2025-10-15 09:00:00,1760486400,6785.T,2129.0,2130.0,2107.0,2120.0,39100
2025-10-16 09:00:00,1760572800,6785.T,2140.0,2171.0,2137.0,2166.0,53800
2025-10-17 09:00:00,1760659200,6785.T,2132.0,2161.0,2122.0,2128.0,38500
2025-10-20 09:00:00,1760918400,6785.T,2153.0,2193.0,2132.0,2168.0,55400
2025-10-21 09:00:00,1761004800,6785.T,2185.0,2193.0,2159.0,2160.0,67900
2025-10-22 09:00:00,1761091200,6785.T,2157.0,2182.0,2148.0,2174.0,38600
2025-10-23 09:00:00,1761177600,6785.T,2162.0,2198.0,2157.0,2185.0,32600
2025-10-24 09:00:00,1761264000,6785.T,2208.0,2243.0,2208.0,2242.0,42600
2025-10-27 09:00:00,1761523200,6785.T,2260.0,2285.0,2246.0,2285.0,48400
2025-10-28 09:00:00,1761609600,6785.T,2271.0,2271.0,2200.0,2200.0,60100
2025-10-29 09:00:00,1761696000,6785.T,2200.0,2206.0,2162.0,2162.0,43400
2025-10-30 09:00:00,1761782400,6785.T,2166.0,2184.0,2148.0,2148.0,49500
2025-10-31 09:00:00,1761868800,6785.T,2163.0,2163.0,2124.0,2159.0,42000
2025-11-04 09:00:00,1762214400,6785.T,2150.0,2178.0,2139.0,2153.0,40800
2025-11-05 09:00:00,1762300800,6785.T,2140.0,2140.0,2046.0,2104.0,66600
2025-11-06 09:00:00,1762387200,6785.T,2114.0,2150.0,2114.0,2126.0,32700
2025-11-07 09:00:00,1762473600,6785.T,2100.0,2117.0,2098.0,2110.0,57700
2025-11-10 09:00:00,1762732800,6785.T,2131.0,2142.0,2119.0,2142.0,37400
2025-11-11 09:00:00,1762819200,6785.T,2158.0,2158.0,2121.0,2158.0,45400
2025-11-12 09:00:00,1762905600,6785.T,2168.0,2197.0,2156.0,2188.0,35000
2025-11-13 09:00:00,1762992000,6785.T,2200.0,2200.0,2124.0,2135.0,62100
2025-11-14 09:00:00,1763078400,6785.T,2176.0,2237.0,2157.0,2237.0,118800
2025-11-17 09:00:00,1763337600,6785.T,2245.0,2275.0,2224.0,2258.0,115700
2025-11-18 09:00:00,1763424000,6785.T,2251.0,2251.0,2181.0,2197.0,69200
2025-11-19 09:00:00,1763510400,6785.T,2197.0,2213.0,2135.0,2213.0,101300
2025-11-20 09:00:00,1763596800,6785.T,2237.0,2277.0,2228.0,2255.0,67500
2025-11-21 09:00:00,1763683200,6785.T,2241.0,2275.0,2220.0,2275.0,60100
2025-11-25 09:00:00,1764028800,6785.T,2285.0,2297.0,2270.0,2283.0,43700
2025-11-26 09:00:00,1764115200,6785.T,2280.0,2296.0,2266.0,2272.0,29500
2025-11-27 09:00:00,1764201600,6785.T,2278.0,2330.0,2275.0,2323.0,56700
2025-11-28 09:00:00,1764288000,6785.T,2327.0,2335.0,2303.0,2323.0,38400
2025-12-01 09:00:00,1764547200,6785.T,2344.0,2354.0,2290.0,2306.0,49600
2025-12-02 09:00:00,1764633600,6785.T,2305.0,2305.0,2261.0,2274.0,47100
2025-12-03 09:00:00,1764720000,6785.T,2261.0,2334.0,2260.0,2328.0,89600
2025-12-04 09:00:00,1764806400,6785.T,2339.0,2365.0,2319.0,2334.0,97100
2025-12-05 09:00:00,1764892800,6785.T,2340.0,2340.0,2299.0,2307.0,50100
2025-12-08 09:00:00,1765152000,6785.T,2407.0,2436.0,2372.0,2413.0,175200
2025-12-09 09:00:00,1765238400,6785.T,2393.0,2410.0,2371.0,2397.0,88000
2025-12-10 09:00:00,1765324800,6785.T,2419.0,2419.0,2371.0,2387.0,61200
2025-12-11 09:00:00,1765411200,6785.T,2409.0,2409.0,2342.0,2351.0,69600
2025-12-12 09:00:00,1765497600,6785.T,2385.0,2385.0,2342.0,2369.0,79900
2025-12-15 09:00:00,1765756800,6785.T,2368.0,2395.0,2348.0,2395.0,43900
2025-12-16 09:00:00,1765843200,6785.T,2372.0,2380.0,2317.0,2330.0,74400
2025-12-17 09:00:00,1765929600,6785.T,2340.0,2348.0,2299.0,2348.0,60200
2025-12-18 09:00:00,1766016000,6785.T,2340.0,2348.0,2315.0,2328.0,60900
2025-12-19 09:00:00,1766102400,6785.T,2328.0,2347.0,2310.0,2344.0,61400
2025-12-22 09:00:00,1766361600,6785.T,2386.0,2395.0,2358.0,2395.0,84100
2025-12-23 09:00:00,1766448000,6785.T,2397.0,2430.0,2390.0,2424.0,70000
2025-12-24 09:00:00,1766534400,6785.T,2423.0,2425.0,2385.0,2391.0,46900
2025-12-25 09:00:00,1766620800,6785.T,2401.0,2423.0,2400.0,2411.0,32800
2025-12-26 09:00:00,1766707200,6785.T,2434.0,2442.0,2419.0,2440.0,59900
2025-12-29 09:00:00,1766966400,6785.T,2404.0,2426.0,2390.0,2416.0,74500
2025-12-30 09:00:00,1767052800,6785.T,2425.0,2432.0,2405.0,2410.0,41800
2026-01-05 09:00:00,1767571200,6785.T,2413.0,2425.0,2397.0,2400.0,61300
2026-01-06 09:00:00,1767657600,6785.T,2391.0,2416.0,2373.0,2391.0,67000
2026-01-07 09:00:00,1767744000,6785.T,2396.0,2430.0,2380.0,2418.0,71400
2026-01-08 09:00:00,1767830400,6785.T,2430.0,2438.0,2392.0,2392.0,44400
2026-01-09 09:00:00,1767916800,6785.T,2400.0,2417.0,2365.0,2376.0,51100
2026-01-13 09:00:00,1768262400,6785.T,2415.0,2415.0,2380.0,2395.0,70900
2026-01-14 09:00:00,1768348800,6785.T,2395.0,2456.0,2393.0,2445.0,104100
2026-01-15 09:00:00,1768435200,6785.T,2444.0,2471.0,2438.0,2454.0,53500
2026-01-16 09:00:00,1768521600,6785.T,2449.0,2449.0,2405.0,2442.0,48900
2026-01-19 09:00:00,1768780800,6785.T,2440.0,2440.0,2386.0,2415.0,62100
2026-01-20 09:00:00,1768867200,6785.T,2415.0,2422.0,2373.0,2384.0,47100
2026-01-21 09:00:00,1768953600,6785.T,2350.0,2402.0,2331.0,2393.0,44000
2026-01-22 09:00:00,1769040000,6785.T,2420.0,2473.0,2404.0,2471.0,56700
2026-01-23 09:00:00,1769126400,6785.T,2470.0,2475.0,2449.0,2449.0,42800
2026-01-26 09:00:00,1769385600,6785.T,2402.0,2404.0,2315.0,2354.0,128000
2026-01-27 09:00:00,1769472000,6785.T,2350.0,2378.0,2327.0,2378.0,52100
2026-01-28 09:00:00,1769558400,6785.T,2528.0,2574.0,2469.0,2512.0,238100
2026-01-29 09:00:00,1769644800,6785.T,2533.0,2538.0,2440.0,2449.0,166500
2026-01-30 09:00:00,1769731200,6785.T,2449.0,2524.0,2438.0,2505.0,84100
2026-02-02 09:00:00,1769990400,6785.T,2530.0,2591.0,2472.0,2475.0,91400
2026-02-03 09:00:00,1770076800,6785.T,2515.0,2577.0,2495.0,2569.0,61000
2026-02-04 09:00:00,1770163200,6785.T,2550.0,2665.0,2541.0,2665.0,129200
2026-02-05 09:00:00,1770249600,6785.T,2683.0,2683.0,2630.0,2654.0,62600
2026-02-06 09:00:00,1770336000,6785.T,2640.0,2655.0,2617.0,2650.0,43900
2026-02-09 09:00:00,1770595200,6785.T,2700.0,2706.0,2661.0,2665.0,70500
2026-02-10 09:00:00,1770681600,6785.T,2800.0,2890.0,2745.0,2844.0,133900
2026-02-12 09:00:00,1770854400,6785.T,2857.0,2930.0,2832.0,2928.0,87700
2026-02-13 09:00:00,1770940800,6785.T,2911.0,2920.0,2837.0,2858.0,57800
2026-02-16 09:00:00,1771200000,6785.T,2885.0,2917.0,2830.0,2879.0,43000
2026-02-17 09:00:00,1771286400,6785.T,2896.0,2907.0,2845.0,2867.0,54200
2026-02-18 09:00:00,1771372800,6785.T,2871.0,3005.0,2855.0,3005.0,85400
2026-02-19 09:00:00,1771459200,6785.T,3005.0,3065.0,3000.0,3055.0,59500
2026-02-20 09:00:00,1771545600,6785.T,3055.0,3055.0,2968.0,2986.0,54300
2026-02-24 09:00:00,1771891200,6785.T,2976.0,3080.0,2976.0,3060.0,46900
2026-02-25 09:00:00,1771977600,6785.T,3065.0,3135.0,3065.0,3065.0,66600
2026-02-26 09:00:00,1772064000,6785.T,3065.0,3095.0,3030.0,3075.0,60000
2026-02-27 09:00:00,1772150400,6785.T,3055.0,3100.0,3055.0,3080.0,34900
2026-03-02 09:00:00,1772409600,6785.T,3015.0,3110.0,2974.0,3070.0,58900
2026-03-03 09:00:00,1772496000,6785.T,3040.0,3100.0,2946.0,2969.0,69300
2026-03-04 09:00:00,1772582400,6785.T,2919.0,2968.0,2756.0,2819.0,144400
2026-03-05 09:00:00,1772668800,6785.T,2950.0,3030.0,2944.0,2979.0,98500
2026-03-06 09:00:00,1772755200,6785.T,2929.0,2966.0,2872.0,2927.0,41100
2026-03-09 09:00:00,1773014400,6785.T,2746.0,2779.0,2672.0,2764.0,84100
2026-03-10 09:00:00,1773100800,6785.T,2843.0,2903.0,2825.0,2876.0,55500
2026-03-11 09:00:00,1773187200,6785.T,2926.0,2964.0,2908.0,2923.0,30100
2026-03-12 09:00:00,1773273600,6785.T,2923.0,2936.0,2829.0,2846.0,56700
2026-03-13 09:00:00,1773360000,6785.T,2748.0,2810.0,2711.0,2789.0,45800
2026-03-16 09:00:00,1773619200,6785.T,2750.0,2808.0,2713.0,2797.0,38000
2026-03-17 09:00:00,1773705600,6785.T,2836.0,2836.0,2761.0,2761.0,33600
2026-03-18 09:00:00,1773792000,6785.T,2811.0,2877.0,2811.0,2875.0,48100
2026-03-19 09:00:00,1773878400,6785.T,2786.0,2799.0,2759.0,2779.0,58200
2026-03-23 09:00:00,1774224000,6785.T,2650.0,2690.0,2600.0,2664.0,66000
2026-03-24 09:00:00,1774310400,6785.T,2720.0,2755.0,2700.0,2729.0,30000
2026-03-25 09:00:00,1774396800,6785.T,2822.0,2831.0,2800.0,2815.0,39900
2026-03-26 09:00:00,1774483200,6785.T,2844.0,2844.0,2776.0,2809.0,36800
2026-03-27 09:00:00,1774569600,6785.T,2807.0,2822.0,2752.0,2820.0,64000
2026-03-30 09:00:00,1774828800,6785.T,2676.0,2719.0,2645.0,2718.0,54500
2026-03-31 09:00:00,1774915200,6785.T,2668.0,2734.0,2651.0,2679.0,62400
2026-04-01 09:00:00,1775001600,6785.T,2773.0,2774.0,2740.0,2774.0,37200
2026-04-02 09:00:00,1775088000,6785.T,2814.0,2814.0,2708.0,2708.0,41100
2026-04-03 09:00:00,1775174400,6785.T,2749.0,2764.0,2726.0,2755.0,21900
2026-04-06 09:00:00,1775433600,6785.T,2755.0,2779.0,2718.0,2718.0,33000
2026-04-07 09:00:00,1775520000,6785.T,2725.0,2754.0,2704.0,2731.0,29300
2026-04-08 09:00:00,1775606400,6785.T,2829.0,2869.0,2796.0,2869.0,54200
2026-04-09 09:00:00,1775692800,6785.T,2872.0,2878.0,2828.0,2835.0,37100
2026-04-10 09:00:00,1775779200,6785.T,2875.0,2891.0,2818.0,2835.0,36400
2026-04-13 09:00:00,1776038400,6785.T,2833.0,2862.0,2792.0,2822.0,27900
2026-04-14 09:00:00,1776124800,6785.T,2855.0,2894.0,2802.0,2832.0,60800
2026-04-15 09:00:00,1776211200,6785.T,2877.0,2886.0,2795.0,2818.0,44600
2026-04-16 09:00:00,1776297600,6785.T,2811.0,2879.0,2811.0,2835.0,47500
2026-04-17 09:00:00,1776384000,6785.T,2815.0,2837.0,2811.0,2816.0,33500
2026-04-20 09:00:00,1776643200,6785.T,2830.0,2841.0,2807.0,2810.0,30500
2026-04-21 09:00:00,1776729600,6785.T,2815.0,2853.0,2804.0,2809.0,31200
2026-04-22 09:00:00,1776816000,6785.T,2840.0,2840.0,2771.0,2780.0,46600
2026-04-23 09:00:00,1776902400,6785.T,2770.0,2794.0,2670.0,2704.0,55600
2026-04-24 09:00:00,1776988800,6785.T,2693.0,2733.0,2691.0,2712.0,43700
2026-04-27 09:00:00,1777248000,6785.T,2716.0,3075.0,2677.0,3045.0,305300
2026-04-28 09:00:00,1777334400,6785.T,3035.0,3225.0,3025.0,3175.0,194100
2026-04-30 09:00:00,1777507200,6785.T,3125.0,3175.0,3050.0,3160.0,103400
2026-05-01 09:00:00,1777593600,6785.T,3195.0,3200.0,3040.0,3095.0,87600
2026-05-07 09:00:00,1778112000,6785.T,3140.0,3245.0,3110.0,3180.0,79500
2026-05-08 09:00:00,1778198400,6785.T,3180.0,3205.0,3150.0,3180.0,53700
2026-05-11 09:00:00,1778457600,6785.T,3235.0,3260.0,3180.0,3190.0,60900
2026-05-12 09:00:00,1778544000,6785.T,3210.0,3245.0,3130.0,3145.0,41100
2026-05-13 09:00:00,1778630400,6785.T,3140.0,3145.0,3080.0,3140.0,48900
2026-05-14 09:00:00,1778716800,6785.T,3120.0,3255.0,3080.0,3115.0,66200
2026-05-15 09:00:00,1778803200,6785.T,3100.0,3180.0,3075.0,3095.0,52200
2026-05-18 09:00:00,1779062400,6785.T,3130.0,3150.0,3080.0,3115.0,45800
2026-05-19 09:00:00,1779148800,6785.T,3145.0,3165.0,3005.0,3035.0,67600
2026-05-20 09:00:00,1779235200,6785.T,3015.0,3155.0,2961.0,3150.0,80300
2026-05-21 09:00:00,1779321600,6785.T,3225.0,3225.0,3130.0,3180.0,42500
2026-05-22 09:00:00,1779408000,6785.T,3190.0,3200.0,3160.0,3175.0,39200
2026-05-25 09:00:00,1779667200,6785.T,3210.0,3250.0,3180.0,3250.0,62600
2026-05-26 09:00:00,1779753600,6785.T,3300.0,3325.0,3235.0,3260.0,53400
2026-05-27 09:00:00,1779840000,6785.T,3260.0,3290.0,3160.0,3165.0,52600
2026-05-28 09:00:00,1779926400,6785.T,3130.0,3280.0,3085.0,3260.0,82200
2026-05-29 09:00:00,1780012800,6785.T,3280.0,3510.0,3270.0,3430.0,133200
2026-06-01 09:00:00,1780272000,6785.T,3435.0,3495.0,3370.0,3420.0,101300
2026-06-02 09:00:00,1780358400,6785.T,3410.0,3410.0,3210.0,3350.0,77300
2026-06-03 09:00:00,1780444800,6785.T,3380.0,3430.0,3345.0,3365.0,62800
2026-06-04 09:00:00,1780531200,6785.T,3340.0,3375.0,3305.0,3320.0,63400
2026-06-05 09:00:00,1780617600,6785.T,3320.0,3410.0,3230.0,3360.0,63700
2026-06-08 09:00:00,1780876800,6785.T,3200.0,3245.0,3145.0,3230.0,88600
2026-06-09 09:00:00,1780963200,6785.T,3295.0,3300.0,3175.0,3270.0,78100
2026-06-10 09:00:00,1781049600,6785.T,3205.0,3245.0,3115.0,3160.0,73500
2026-06-11 09:00:00,1781136000,6785.T,3110.0,3150.0,3040.0,3140.0,57400
2026-06-12 09:00:00,1781222400,6785.T,3190.0,3225.0,3145.0,3160.0,64800
2026-06-15 09:00:00,1781481600,6785.T,3255.0,3300.0,3210.0,3280.0,66200
2026-06-16 09:00:00,1781568000,6785.T,3225.0,3290.0,3185.0,3240.0,55500
2026-06-17 09:00:00,1781654400,6785.T,3250.0,3400.0,3250.0,3345.0,73600
2026-06-18 09:00:00,1781740800,6785.T,3400.0,3425.0,3335.0,3335.0,50700
2026-06-19 09:00:00,1781827200,6785.T,3380.0,3425.0,3360.0,3420.0,50500
2026-06-22 09:00:00,1782086400,6785.T,3450.0,3490.0,3370.0,3395.0,55300
2026-06-23 09:00:00,1782172800,6785.T,3365.0,3395.0,3235.0,3235.0,68000
2026-06-24 09:00:00,1782259200,6785.T,3205.0,3325.0,3195.0,3245.0,58400
2026-06-25 09:00:00,1782345600,6785.T,3315.0,3375.0,3310.0,3345.0,63800
2026-06-26 09:00:00,1782432000,6785.T,3335.0,3380.0,3280.0,3325.0,99600
2026-06-29 09:00:00,1782691200,6785.T,3280.0,3325.0,3185.0,3320.0,109200
2026-06-30 09:00:00,1782777600,6785.T,3340.0,3370.0,3240.0,3255.0,67800
2026-07-01 09:00:00,1782864000,6785.T,3295.0,3335.0,3275.0,3305.0,56000
2026-07-02 09:00:00,1782950400,6785.T,3280.0,3300.0,3225.0,3250.0,43100
2026-07-03 09:00:00,1783036800,6785.T,3250.0,3315.0,3170.0,3305.0,55100
2026-07-06 09:00:00,1783296000,6785.T,3335.0,3460.0,3325.0,3440.0,115000
2026-07-07 09:00:00,1783382400,6785.T,3445.0,3460.0,3205.0,3205.0,101000
2026-07-08 09:00:00,1783468800,6785.T,3165.0,3235.0,3145.0,3155.0,69500
2026-07-09 09:00:00,1783555200,6785.T,3190.0,3260.0,3185.0,3230.0,68000
2026-07-10 09:00:00,1783641600,6785.T,3300.0,3365.0,3285.0,3290.0,76700
2026-07-13 09:00:00,1783900800,6785.T,3330.0,3365.0,3125.0,3140.0,69400
2026-07-14 09:00:00,1783987200,6785.T,3150.0,3175.0,3065.0,3155.0,76800
2026-07-15 09:00:00,1784073600,6785.T,3190.0,3240.0,3160.0,3210.0,45700
2026-07-16 09:00:00,1784160000,6785.T,3180.0,3190.0,3105.0,3140.0,46900
2026-07-17 09:00:00,1784246400,6785.T,3080.0,3100.0,2900.0,2992.0,104100
2026-07-21 09:00:00,1784592000,6785.T,3045.0,3130.0,3000.0,3110.0,64100
2026-07-22 09:00:00,1784678400,6785.T,3145.0,3180.0,3055.0,3070.0,61800
2026-07-23 09:00:00,1784764800,6785.T,3065.0,3095.0,3015.0,3025.0,53100
2026-07-24 09:00:00,1784851200,6785.T,3025.0,3025.0,2935.0,2980.0,66800
2026-07-27 09:00:00,1785110400,6785.T,3005.0,3035.0,2939.0,3015.0,55100
2026-07-28 09:00:00,1785196800,6785.T,2980.0,2999.0,2865.0,2883.0,94000
2026-07-29 09:00:00,1785283200,6785.T,2855.0,2860.0,2678.0,2798.0,159000
2026-07-30 09:00:00,1785369600,6785.T,2772.0,2883.0,2760.0,2858.0,122000
2026-07-31 09:00:00,1785456000,6785.T,2878.0,3020.0,2871.0,2998.0,91500
2026-08-03 09:00:00,1785715200,6785.T,3010.0,3015.0,2915.0,3000.0,57400
2026-08-04 09:00:00,1785801600,6785.T,3020.0,3100.0,3020.0,3070.0,84900
2026-08-05 09:00:00,1785888000,6785.T,3140.0,3285.0,3140.0,3265.0,74400
2026-08-06 09:00:00,1785974400,6785.T,3195.0,3245.0,3140.0,3150.0,72600
2026-08-07 09:00:00,1786060800,6785.T,3150.0,3165.0,3075.0,3145.0,60800
2026-08-10 09:00:00,1786320000,6785.T,3130.0,3225.0,3125.0,3205.0,114100
2026-08-12 09:00:00,1786492800,6785.T,2995.0,3045.0,2952.0,2972.0,260300
2026-08-13 09:00:00,1786579200,6785.T,2997.0,3105.0,2996.0,3055.0,142100
2026-08-14 09:00:00,1786665600,6785.T,3055.0,3090.0,3040.0,3065.0,53200
2026-08-17 09:00:00,1786924800,6785.T,3065.0,3100.0,3030.0,3070.0,53600
2026-08-18 09:00:00,1787011200,6785.T,3070.0,3115.0,3050.0,3060.0,58500
2026-08-19 09:00:00,1787097600,6785.T,3020.0,3020.0,2873.0,2888.0,105500
2026-08-20 09:00:00,1787184000,6785.T,2900.0,2915.0,2858.0,2915.0,68200
2026-08-21 09:00:00,1787270400,6785.T,2878.0,2897.0,2826.0,2888.0,86900
2026-08-24 09:00:00,1787529600,6785.T,2911.0,2923.0,2870.0,2876.0,48200
2026-08-25 09:00:00,1787616000,6785.T,2880.0,2900.0,2832.0,2871.0,70800
2026-08-26 09:00:00,1787702400,6785.T,2871.0,2918.0,2847.0,2918.0,77000
2026-08-27 09:00:00,1787788800,6785.T,2948.0,2978.0,2895.0,2939.0,57200
2026-08-28 09:00:00,1787875200,6785.T,2965.0,2986.0,2919.0,2919.0,65200
2026-08-31 09:00:00,1788134400,6785.T,2903.0,3120.0,2895.0,3120.0,138500
2026-09-01 09:00:00,1788220800,6785.T,3105.0,3140.0,3020.0,3070.0,96600
2026-09-02 09:00:00,1788307200,6785.T,3025.0,3110.0,2978.0,2994.0,105000
2026-09-03 09:00:00,1788393600,6785.T,3005.0,3015.0,2909.0,2944.0,94200
2026-09-04 09:00:00,1788480000,6785.T,2922.0,3215.0,2922.0,3195.0,193200
2026-09-07 09:00:00,1788739200,6785.T,3210.0,3260.0,3155.0,3195.0,95400
2026-09-08 09:00:00,1788825600,6785.T,3170.0,3170.0,3035.0,3035.0,90700
2026-09-09 09:00:00,1788912000,6785.T,3035.0,3100.0,3030.0,3040.0,59900
2026-09-10 09:00:00,1788998400,6785.T,3020.0,3145.0,2985.0,3140.0,74500
2026-09-11 09:00:00,1789084800,6785.T,3020.0,3100.0,3010.0,3065.0,61800
2026-09-14 09:00:00,1789344000,6785.T,3010.0,3100.0,3010.0,3045.0,57900
2026-09-15 09:00:00,1789430400,6785.T,3045.0,3095.0,3015.0,3030.0,43900
2026-09-16 09:00:00,1789516800,6785.T,3005.0,3115.0,3005.0,3105.0,42200
2026-09-17 09:00:00,1789603200,6785.T,3125.0,3165.0,3115.0,3160.0,54600
2026-09-18 09:00:00,1789689600,6785.T,3165.0,3190.0,3110.0,3130.0,49500
2026-09-24 09:00:00,1790208000,6785.T,3150.0,3250.0,3150.0,3195.0,71900
2026-09-25 09:00:00,1790294400,6785.T,3225.0,3270.0,3210.0,3235.0,71200
2026-09-28 09:00:00,1790553600,6785.T,3260.0,3265.0,3165.0,3175.0,59800
2026-09-29 09:00:00,1790640000,6785.T,3150.0,3240.0,3125.0,3220.0,52800
2026-09-30 09:00:00,1790726400,6785.T,3260.0,3300.0,3235.0,3270.0,71500
2026-10-01 09:00:00,1790812800,6785.T,3230.0,3410.0,3230.0,3405.0,102900
2026-10-02 09:00:00,1790899200,6785.T,3390.0,3540.0,3385.0,3460.0,167800
2026-10-05 09:00:00,1791158400,6785.T,3510.0,3515.0,3445.0,3480.0,76500
2026-10-06 09:00:00,1791244800,6785.T,3450.0,3545.0,3450.0,3515.0,50700
2026-10-07 09:00:00,1791331200,6785.T,3490.0,3595.0,3460.0,3570.0,65900
