timestamp_et,epoch,ticker,open,high,low,close,volume
2026-09-28 09:30:00,1790602200,TWLO,267.8500061035156,268.7950134277344,265.3999938964844,266.4750061035156,87459
2026-09-28 09:31:00,1790602260,TWLO,266.3900146484375,267.80499267578125,265.510009765625,265.510009765625,45628
2026-09-28 09:32:00,1790602320,TWLO,265.8949890136719,268.5,265.8949890136719,267.6300048828125,51589
2026-09-28 09:33:00,1790602380,TWLO,267.6300048828125,269.2149963378906,267.55999755859375,269.2149963378906,5694
2026-09-28 09:34:00,1790602440,TWLO,269.3900146484375,270.92169189453125,269.0899963378906,270.0199890136719,15917
2026-09-28 09:35:00,1790602500,TWLO,269.8500061035156,270.364990234375,268.29998779296875,269.04998779296875,46023
2026-09-28 09:36:00,1790602560,TWLO,269.2250061035156,271.2099914550781,269.2250061035156,270.1700134277344,21520
2026-09-28 09:37:00,1790602620,TWLO,270.8599853515625,272.2080078125,270.82000732421875,271.7900085449219,17555
2026-09-28 09:38:00,1790602680,TWLO,272.2799987792969,273.1650085449219,272.0199890136719,272.0350036621094,10103
2026-09-28 09:39:00,1790602740,TWLO,272.0801086425781,273.7789001464844,271.63299560546875,273.489990234375,9261
2026-09-28 09:40:00,1790602800,TWLO,273.4949951171875,273.52899169921875,272.510009765625,272.510009765625,6559
2026-09-28 09:41:00,1790602860,TWLO,272.8800048828125,274.489990234375,272.5299987792969,273.7550048828125,8569
2026-09-28 09:42:00,1790602920,TWLO,273.7550048828125,274.25,273.10418701171875,273.9700012207031,6044
2026-09-28 09:43:00,1790602980,TWLO,274.489990234375,274.5799865722656,274.2300109863281,274.2300109863281,5192
2026-09-28 09:44:00,1790603040,TWLO,273.80999755859375,275.1300048828125,273.5899963378906,274.92498779296875,8944
2026-09-28 09:45:00,1790603100,TWLO,274.6700134277344,274.7099914550781,273.239990234375,273.739990234375,11666
2026-09-28 09:46:00,1790603160,TWLO,273.7699890136719,274.20001220703125,272.0,272.0299987792969,19010
2026-09-28 09:47:00,1790603220,TWLO,271.7124938964844,271.7124938964844,270.0,271.3299865722656,22503
2026-09-28 09:48:00,1790603280,TWLO,271.3999938964844,273.19000244140625,270.92498779296875,273.19000244140625,10927
2026-09-28 09:49:00,1790603340,TWLO,273.2749938964844,273.29998779296875,271.4849853515625,271.635009765625,27431
2026-09-28 09:50:00,1790603400,TWLO,271.7650146484375,272.9599914550781,270.614990234375,272.9599914550781,67450
2026-09-28 09:51:00,1790603460,TWLO,272.7300109863281,273.04998779296875,271.9125061035156,272.6199951171875,6071
2026-09-28 09:52:00,1790603520,TWLO,272.6600036621094,273.7749938964844,272.6600036621094,273.75,4316
2026-09-28 09:53:00,1790603580,TWLO,273.82000732421875,274.2099914550781,273.5799865722656,273.5899963378906,3578
2026-09-28 09:54:00,1790603640,TWLO,273.364990234375,274.2200012207031,273.364990234375,273.9599914550781,2307
2026-09-28 09:55:00,1790603700,TWLO,274.3599853515625,276.65020751953125,274.30999755859375,276.1300048828125,11560
2026-09-28 09:56:00,1790603760,TWLO,275.7300109863281,276.5299072265625,275.7300109863281,276.3599853515625,6606
2026-09-28 09:57:00,1790603820,TWLO,276.375,276.3900146484375,275.75,275.822509765625,5033
2026-09-28 09:58:00,1790603880,TWLO,275.989990234375,276.05999755859375,274.9601135253906,275.9999084472656,8722
2026-09-28 09:59:00,1790603940,TWLO,274.5400085449219,277.9800109863281,274.5400085449219,277.57769775390625,17917
2026-09-28 10:00:00,1790604000,TWLO,277.1700134277344,278.6000061035156,276.67999267578125,278.1700134277344,8529
2026-09-28 10:01:00,1790604060,TWLO,278.1600036621094,278.8900146484375,277.5299987792969,278.7074890136719,12457
2026-09-28 10:02:00,1790604120,TWLO,278.6050109863281,278.6050109863281,276.739990234375,276.79998779296875,6529
2026-09-28 10:03:00,1790604180,TWLO,277.3550109863281,277.6400146484375,276.79998779296875,277.635009765625,6749
2026-09-28 10:04:00,1790604240,TWLO,277.95001220703125,278.8299865722656,277.5299987792969,277.7200012207031,7650
2026-09-28 10:05:00,1790604300,TWLO,277.2749938964844,277.32000732421875,276.3399963378906,276.8949890136719,8843
2026-09-28 10:06:00,1790604360,TWLO,276.260009765625,277.5899963378906,275.5400085449219,277.1499938964844,5320
2026-09-28 10:07:00,1790604420,TWLO,277.6795959472656,278.8299865722656,277.4200134277344,278.4100036621094,8515
2026-09-28 10:08:00,1790604480,TWLO,278.8299865722656,278.8299865722656,278.2950134277344,278.614990234375,3258
2026-09-28 10:09:00,1790604540,TWLO,278.6050109863281,278.6050109863281,277.7099914550781,278.05999755859375,11019
2026-09-28 10:10:00,1790604600,TWLO,278.05999755859375,278.5498962402344,278.05999755859375,278.5498962402344,3543
2026-09-28 10:11:00,1790604660,TWLO,278.1099853515625,278.1099853515625,278.1099853515625,278.1099853515625,874
2026-09-28 10:12:00,1790604720,TWLO,278.489990234375,278.6000061035156,277.8800048828125,277.8800048828125,6255
2026-09-28 10:13:00,1790604780,TWLO,277.8550109863281,277.8550109863281,276.7037048339844,277.489990234375,42004
2026-09-28 10:14:00,1790604840,TWLO,277.5,277.56500244140625,277.2900085449219,277.29998779296875,3914
2026-09-28 10:15:00,1790604900,TWLO,277.3299865722656,277.760009765625,276.9599914550781,276.9599914550781,8361
2026-09-28 10:16:00,1790604960,TWLO,277.2049865722656,277.3900146484375,276.43499755859375,277.3900146484375,9266
2026-09-28 10:17:00,1790605020,TWLO,277.2349853515625,277.7799987792969,276.75,277.7799987792969,6934
2026-09-28 10:18:00,1790605080,TWLO,277.4800109863281,277.6449890136719,277.20001220703125,277.3299865722656,11812
2026-09-28 10:19:00,1790605140,TWLO,277.2200012207031,277.6400146484375,276.9599914550781,277.6400146484375,4034
2026-09-28 10:20:00,1790605200,TWLO,277.3500061035156,277.42999267578125,277.20001220703125,277.42999267578125,3438
2026-09-28 10:21:00,1790605260,TWLO,277.42999267578125,277.45001220703125,277.0199890136719,277.17999267578125,3573
2026-09-28 10:22:00,1790605320,TWLO,277.17498779296875,277.3399963378906,276.7799987792969,276.94000244140625,4494
2026-09-28 10:23:00,1790605380,TWLO,277.0950012207031,277.1000061035156,276.6600036621094,276.6600036621094,2830
2026-09-28 10:24:00,1790605440,TWLO,277.05499267578125,277.17999267578125,276.989990234375,276.989990234375,2049
2026-09-28 10:25:00,1790605500,TWLO,277.0,277.0299987792969,276.7900085449219,276.8349914550781,2078
2026-09-28 10:26:00,1790605560,TWLO,276.8349914550781,276.9700012207031,276.6700134277344,276.92999267578125,4089
2026-09-28 10:27:00,1790605620,TWLO,276.9525146484375,276.9525146484375,276.6499938964844,276.6700134277344,4865
2026-09-28 10:28:00,1790605680,TWLO,276.4100036621094,276.80828857421875,276.32000732421875,276.6050109863281,2616
2026-09-28 10:29:00,1790605740,TWLO,276.572509765625,276.572509765625,276.1700134277344,276.20001220703125,4218
2026-09-28 10:30:00,1790605800,TWLO,276.19000244140625,276.19000244140625,276.0,276.0,3676
2026-09-28 10:31:00,1790605860,TWLO,276.0199890136719,276.1650085449219,275.44000244140625,275.80499267578125,17293
2026-09-28 10:32:00,1790605920,TWLO,275.92999267578125,276.2650146484375,275.8599853515625,275.8800048828125,2569
2026-09-28 10:33:00,1790605980,TWLO,275.9097900390625,276.2099914550781,275.8699951171875,276.2099914550781,2659
2026-09-28 10:34:00,1790606040,TWLO,276.2099914550781,276.30889892578125,275.94000244140625,276.114990234375,6419
2026-09-28 10:35:00,1790606100,TWLO,276.0199890136719,276.2650146484375,276.0199890136719,276.2650146484375,5350
2026-09-28 10:36:00,1790606160,TWLO,276.2799987792969,276.2850036621094,276.0400085449219,276.1300048828125,2498
2026-09-28 10:37:00,1790606220,TWLO,275.6225891113281,276.0050048828125,275.5906982421875,275.8599853515625,3915
2026-09-28 10:38:00,1790606280,TWLO,275.8599853515625,275.8599853515625,275.55999755859375,275.69500732421875,2871
2026-09-28 10:39:00,1790606340,TWLO,275.75,276.0299987792969,275.7099914550781,276.0299987792969,1437
2026-09-28 10:40:00,1790606400,TWLO,276.0299987792969,276.2300109863281,276.0299987792969,276.07000732421875,3917
2026-09-28 10:41:00,1790606460,TWLO,276.07501220703125,276.07501220703125,275.7799987792969,275.7799987792969,1970
2026-09-28 10:42:00,1790606520,TWLO,276.07000732421875,276.07000732421875,275.92999267578125,275.9700012207031,896
2026-09-28 10:43:00,1790606580,TWLO,275.6499938964844,275.8500061035156,275.6400146484375,275.6600036621094,2913
2026-09-28 10:44:00,1790606640,TWLO,275.69000244140625,275.69000244140625,275.69000244140625,275.69000244140625,343
2026-09-28 10:45:00,1790606700,TWLO,275.8599853515625,276.2049865722656,275.739990234375,276.0350036621094,6118
2026-09-28 10:46:00,1790606760,TWLO,276.0299987792969,276.0299987792969,275.6962890625,275.7799987792969,4790
2026-09-28 10:47:00,1790606820,TWLO,275.7749938964844,275.7749938964844,275.4599914550781,275.70001220703125,2996
2026-09-28 10:48:00,1790606880,TWLO,275.8900146484375,276.0899963378906,275.82000732421875,276.0474853515625,5278
2026-09-28 10:49:00,1790606940,TWLO,276.2799987792969,276.3399963378906,276.1000061035156,276.3399963378906,2887
2026-09-28 10:50:00,1790607000,TWLO,276.135009765625,276.8900146484375,275.989990234375,276.8900146484375,5154
2026-09-28 10:51:00,1790607060,TWLO,277.1000061035156,277.1700134277344,276.8900146484375,276.8900146484375,5460
2026-09-28 10:52:00,1790607120,TWLO,276.8963928222656,276.8963928222656,276.760009765625,276.760009765625,1082
2026-09-28 10:53:00,1790607180,TWLO,276.6700134277344,276.6700134277344,276.44000244140625,276.44000244140625,715
2026-09-28 10:54:00,1790607240,TWLO,276.42999267578125,276.42999267578125,275.8999938964844,276.0277099609375,5287
2026-09-28 10:55:00,1790607300,TWLO,275.67999267578125,276.20001220703125,275.67999267578125,276.05999755859375,8091
2026-09-28 10:56:00,1790607360,TWLO,276.1549987792969,277.1600036621094,276.1549987792969,276.94500732421875,3851
2026-09-28 10:57:00,1790607420,TWLO,277.07000732421875,277.07000732421875,276.3599853515625,276.70001220703125,6217
2026-09-28 10:58:00,1790607480,TWLO,276.9700012207031,277.3800048828125,276.94000244140625,277.3800048828125,2611
2026-09-28 10:59:00,1790607540,TWLO,277.25,277.44000244140625,276.7799987792969,277.239990234375,2688
2026-09-28 11:00:00,1790607600,TWLO,277.2699890136719,277.67999267578125,277.2699890136719,277.6600036621094,4701
2026-09-28 11:01:00,1790607660,TWLO,277.68499755859375,278.05999755859375,277.5199890136719,277.9549865722656,5441
2026-09-28 11:02:00,1790607720,TWLO,277.95001220703125,278.1600036621094,277.6000061035156,277.9800109863281,6601
2026-09-28 11:03:00,1790607780,TWLO,278.1199951171875,278.7850036621094,278.1099853515625,278.6499938964844,8369
2026-09-28 11:04:00,1790607840,TWLO,278.3699951171875,278.5400085449219,277.9800109863281,278.3399963378906,6115
2026-09-28 11:05:00,1790607900,TWLO,278.5400085449219,278.7749938964844,278.5400085449219,278.5899963378906,2892
2026-09-28 11:06:00,1790607960,TWLO,278.6000061035156,279.4100036621094,278.6000061035156,279.4100036621094,10269
2026-09-28 11:07:00,1790608020,TWLO,279.260009765625,279.7799987792969,279.260009765625,279.5950012207031,4866
2026-09-28 11:08:00,1790608080,TWLO,279.6050109863281,279.989990234375,279.42999267578125,279.70001220703125,9580
2026-09-28 11:09:00,1790608140,TWLO,279.7550048828125,279.9999084472656,279.5400085449219,279.75,6751
2026-09-28 11:10:00,1790608200,TWLO,279.8399963378906,279.91351318359375,279.3299865722656,279.3299865722656,6342
2026-09-28 11:11:00,1790608260,TWLO,279.3299865722656,279.8800048828125,279.3299865722656,279.7799987792969,5906
2026-09-28 11:12:00,1790608320,TWLO,279.67999267578125,279.9700012207031,279.67999267578125,279.9700012207031,1368
2026-09-28 11:13:00,1790608380,TWLO,279.9700012207031,279.9700012207031,279.69000244140625,279.9700012207031,3479
2026-09-28 11:14:00,1790608440,TWLO,279.9599914550781,280.44000244140625,279.9200134277344,279.9800109863281,9127
2026-09-28 11:15:00,1790608500,TWLO,280.1449890136719,280.1449890136719,279.7699890136719,279.8299865722656,5206
2026-09-28 11:16:00,1790608560,TWLO,279.55999755859375,279.989990234375,279.33990478515625,279.989990234375,2419
2026-09-28 11:17:00,1790608620,TWLO,279.79998779296875,280.1700134277344,279.79998779296875,279.8949890136719,5791
2026-09-28 11:18:00,1790608680,TWLO,280.1199951171875,280.1300048828125,279.239990234375,279.489990234375,6623
2026-09-28 11:19:00,1790608740,TWLO,279.3450012207031,279.989990234375,279.3450012207031,279.885009765625,5919
2026-09-28 11:20:00,1790608800,TWLO,279.8900146484375,280.0,279.760009765625,279.760009765625,3199
2026-09-28 11:21:00,1790608860,TWLO,279.95001220703125,280.1400146484375,279.7699890136719,279.9849853515625,4383
2026-09-28 11:22:00,1790608920,TWLO,279.7807922363281,280.44000244140625,279.7807922363281,280.2550048828125,3651
2026-09-28 11:23:00,1790608980,TWLO,280.44000244140625,280.79998779296875,280.2550048828125,280.79998779296875,6155
2026-09-28 11:24:00,1790609040,TWLO,280.6700134277344,280.95001220703125,280.5199890136719,280.93231201171875,7804
2026-09-28 11:25:00,1790609100,TWLO,280.8500061035156,281.5199890136719,280.7799987792969,281.510009765625,10378
2026-09-28 11:26:00,1790609160,TWLO,281.5050048828125,281.510009765625,281.0899963378906,281.5,7095
2026-09-28 11:27:00,1790609220,TWLO,281.69000244140625,282.3900146484375,281.42999267578125,282.1549987792969,11324
2026-09-28 11:28:00,1790609280,TWLO,282.1499938964844,282.1549987792969,281.55999755859375,281.81500244140625,5319
2026-09-28 11:29:00,1790609340,TWLO,281.81500244140625,282.30999755859375,281.760009765625,282.0799865722656,6234
2026-09-28 11:30:00,1790609400,TWLO,282.19000244140625,282.19000244140625,281.7799987792969,282.17999267578125,5498
2026-09-28 11:31:00,1790609460,TWLO,281.9800109863281,282.1499938964844,281.4800109863281,281.4800109863281,7039
2026-09-28 11:32:00,1790609520,TWLO,281.54998779296875,281.82000732421875,281.3399963378906,281.3399963378906,8594
2026-09-28 11:33:00,1790609580,TWLO,281.42999267578125,282.1499938964844,281.42999267578125,282.1499938964844,5553
2026-09-28 11:34:00,1790609640,TWLO,282.1499938964844,282.8299865722656,282.0450134277344,282.8299865722656,8000
2026-09-28 11:35:00,1790609700,TWLO,282.7449951171875,283.2099914550781,282.6499938964844,283.0849914550781,10739
2026-09-28 11:36:00,1790609760,TWLO,283.0849914550781,283.4100036621094,282.8699951171875,283.1451110839844,10008
2026-09-28 11:37:00,1790609820,TWLO,283.17498779296875,283.94000244140625,283.17498779296875,283.8900146484375,7294
2026-09-28 11:38:00,1790609880,TWLO,283.70001220703125,284.44000244140625,283.69000244140625,284.44000244140625,8690
2026-09-28 11:39:00,1790609940,TWLO,284.4599914550781,284.94000244140625,284.4150085449219,284.6400146484375,13712
2026-09-28 11:40:00,1790610000,TWLO,284.42889404296875,284.79998779296875,283.43499755859375,283.4750061035156,14437
2026-09-28 11:41:00,1790610060,TWLO,283.70001220703125,283.80499267578125,282.0,282.3900146484375,13496
2026-09-28 11:42:00,1790610120,TWLO,282.6499938964844,283.1846923828125,282.6499938964844,283.125,5033
2026-09-28 11:43:00,1790610180,TWLO,283.125,283.67999267578125,282.80499267578125,282.81500244140625,12079
2026-09-28 11:44:00,1790610240,TWLO,282.489990234375,282.7099914550781,282.489990234375,282.70001220703125,2676
2026-09-28 11:45:00,1790610300,TWLO,282.54998779296875,282.739990234375,282.239990234375,282.739990234375,4327
2026-09-28 11:46:00,1790610360,TWLO,282.7699890136719,282.8399963378906,282.7550048828125,282.7550048828125,1804
2026-09-28 11:47:00,1790610420,TWLO,282.6199951171875,282.760009765625,282.614990234375,282.6300048828125,2981
2026-09-28 11:48:00,1790610480,TWLO,282.6099853515625,283.2099914550781,282.6099853515625,283.114990234375,10122
2026-09-28 11:49:00,1790610540,TWLO,283.1099853515625,283.79998779296875,282.9700012207031,283.6600036621094,3376
2026-09-28 11:50:00,1790610600,TWLO,283.8299865722656,283.864990234375,283.510009765625,283.864990234375,7337
2026-09-28 11:51:00,1790610660,TWLO,283.864990234375,283.95001220703125,283.04998779296875,283.04998779296875,8807
2026-09-28 11:52:00,1790610720,TWLO,283.07000732421875,283.3800048828125,283.07000732421875,283.3800048828125,2554
2026-09-28 11:53:00,1790610780,TWLO,283.3800048828125,283.7900085449219,283.3800048828125,283.56500244140625,6224
2026-09-28 11:54:00,1790610840,TWLO,283.55999755859375,283.7699890136719,283.55499267578125,283.55999755859375,1491
2026-09-28 11:55:00,1790610900,TWLO,283.55499267578125,283.55499267578125,282.80999755859375,282.80999755859375,6960
2026-09-28 11:56:00,1790610960,TWLO,282.80999755859375,282.9599914550781,282.80999755859375,282.94000244140625,2499
2026-09-28 11:57:00,1790611020,TWLO,282.94000244140625,283.2099914550781,282.94000244140625,283.2099914550781,3005
2026-09-28 11:58:00,1790611080,TWLO,283.32000732421875,283.3699951171875,282.989990234375,283.0899963378906,7310
2026-09-28 11:59:00,1790611140,TWLO,283.1050109863281,283.2349853515625,283.0950012207031,283.0950012207031,1704
2026-09-28 12:00:00,1790611200,TWLO,283.42999267578125,283.69000244140625,283.3800048828125,283.3999938964844,3501
2026-09-28 12:01:00,1790611260,TWLO,283.6099853515625,283.6817932128906,283.510009765625,283.5899963378906,2910
2026-09-28 12:02:00,1790611320,TWLO,283.3900146484375,283.3900146484375,282.910400390625,283.06500244140625,5323
2026-09-28 12:03:00,1790611380,TWLO,283.0400085449219,283.4200134277344,283.0400085449219,283.4200134277344,1887
2026-09-28 12:04:00,1790611440,TWLO,283.5,283.6700134277344,283.4649963378906,283.55499267578125,2360
2026-09-28 12:05:00,1790611500,TWLO,283.6000061035156,283.6600036621094,283.44000244140625,283.6499938964844,3307
2026-09-28 12:06:00,1790611560,TWLO,283.75,283.9200134277344,283.65631103515625,283.864990234375,3224
2026-09-28 12:07:00,1790611620,TWLO,283.8349914550781,284.3500061035156,283.822509765625,284.3500061035156,7604
2026-09-28 12:08:00,1790611680,TWLO,284.30999755859375,284.3800048828125,284.1700134277344,284.3800048828125,3835
2026-09-28 12:09:00,1790611740,TWLO,284.2799987792969,284.7850036621094,284.25,284.7850036621094,4820
2026-09-28 12:10:00,1790611800,TWLO,284.87701416015625,285.29998779296875,284.6099853515625,285.29998779296875,11274
2026-09-28 12:11:00,1790611860,TWLO,285.2300109863281,285.2300109863281,284.75,284.9599914550781,5042
2026-09-28 12:12:00,1790611920,TWLO,284.9599914550781,285.0350036621094,284.5,284.77960205078125,7115
2026-09-28 12:13:00,1790611980,TWLO,284.760009765625,284.760009765625,284.69000244140625,284.69000244140625,906
2026-09-28 12:14:00,1790612040,TWLO,284.85589599609375,284.8699951171875,284.5,284.69000244140625,8895
2026-09-28 12:15:00,1790612100,TWLO,284.69000244140625,284.8500061035156,284.69000244140625,284.8500061035156,1428
2026-09-28 12:16:00,1790612160,TWLO,284.9700012207031,285.1700134277344,284.6700134277344,285.1700134277344,11168
2026-09-28 12:17:00,1790612220,TWLO,285.29998779296875,285.6099853515625,285.0299987792969,285.0299987792969,7614
2026-09-28 12:18:00,1790612280,TWLO,285.0199890136719,285.4100036621094,284.79998779296875,284.94000244140625,4613
2026-09-28 12:19:00,1790612340,TWLO,284.94500732421875,285.0199890136719,284.7900085449219,285.0199890136719,2685
2026-09-28 12:20:00,1790612400,TWLO,285.0799865722656,285.20001220703125,284.68499755859375,284.68499755859375,3541
2026-09-28 12:21:00,1790612460,TWLO,284.68499755859375,284.7200012207031,284.1199951171875,284.1650085449219,7977
2026-09-28 12:22:00,1790612520,TWLO,284.1700134277344,284.489990234375,284.1650085449219,284.489990234375,4051
2026-09-28 12:23:00,1790612580,TWLO,284.6700134277344,284.6700134277344,284.2300109863281,284.4949951171875,3986
2026-09-28 12:24:00,1790612640,TWLO,284.55999755859375,284.82000732421875,284.3999938964844,284.54998779296875,3078
2026-09-28 12:25:00,1790612700,TWLO,284.67999267578125,284.67999267578125,284.2149963378906,284.45001220703125,4646
2026-09-28 12:26:00,1790612760,TWLO,284.4849853515625,284.8999938964844,284.260009765625,284.8999938964844,6074
2026-09-28 12:27:00,1790612820,TWLO,284.7699890136719,284.9601135253906,284.69000244140625,284.8699951171875,4379
2026-09-28 12:28:00,1790612880,TWLO,284.8699951171875,284.9898986816406,284.69000244140625,284.78009033203125,4712
2026-09-28 12:29:00,1790612940,TWLO,284.92999267578125,284.92999267578125,283.54998779296875,283.7099914550781,8012
2026-09-28 12:30:00,1790613000,TWLO,283.42999267578125,283.65509033203125,282.82501220703125,283.04998779296875,15296
2026-09-28 12:31:00,1790613060,TWLO,282.9200134277344,283.19000244140625,282.9100036621094,283.1000061035156,4200
2026-09-28 12:32:00,1790613120,TWLO,283.1050109863281,283.6300048828125,282.6000061035156,283.0849914550781,19329
2026-09-28 12:33:00,1790613180,TWLO,283.0,283.19000244140625,282.92999267578125,283.19000244140625,1380
2026-09-28 12:34:00,1790613240,TWLO,283.1600036621094,283.42999267578125,282.7001037597656,283.1000061035156,9989
2026-09-28 12:35:00,1790613300,TWLO,283.0350036621094,283.04998779296875,282.9020690917969,282.9020690917969,1516
2026-09-28 12:36:00,1790613360,TWLO,283.0,283.2699890136719,282.7699890136719,283.2699890136719,11852
2026-09-28 12:37:00,1790613420,TWLO,283.3399963378906,283.3949890136719,283.2799987792969,283.2799987792969,2426
2026-09-28 12:38:00,1790613480,TWLO,283.0899963378906,283.3900146484375,283.0899963378906,283.1700134277344,1680
2026-09-28 12:39:00,1790613540,TWLO,283.1549987792969,283.3699951171875,283.0199890136719,283.3699951171875,2657
2026-09-28 12:40:00,1790613600,TWLO,283.3800048828125,283.4200134277344,282.739990234375,282.82501220703125,6834
2026-09-28 12:41:00,1790613660,TWLO,282.8349914550781,282.8349914550781,282.5799865722656,282.5799865722656,3446
2026-09-28 12:42:00,1790613720,TWLO,282.69000244140625,282.8800048828125,282.6400146484375,282.69000244140625,964
2026-09-28 12:43:00,1790613780,TWLO,282.5199890136719,282.5199890136719,282.1499938964844,282.5150146484375,4320
2026-09-28 12:44:00,1790613840,TWLO,282.2799987792969,282.68499755859375,282.2799987792969,282.68499755859375,1195
2026-09-28 12:45:00,1790613900,TWLO,282.8599853515625,283.0,282.7950134277344,282.875,2419
2026-09-28 12:46:00,1790613960,TWLO,282.875,282.8999938964844,282.875,282.8999938964844,1458
2026-09-28 12:47:00,1790614020,TWLO,282.8900146484375,283.79998779296875,282.8900146484375,283.79998779296875,7198
2026-09-28 12:48:00,1790614080,TWLO,283.6099853515625,283.6099853515625,283.32000732421875,283.32000732421875,4100
2026-09-28 12:49:00,1790614140,TWLO,283.3299865722656,283.3399963378906,283.0,283.05999755859375,4055
2026-09-28 12:50:00,1790614200,TWLO,282.6099853515625,283.0,282.6099853515625,282.8125915527344,4411
2026-09-28 12:52:00,1790614320,TWLO,283.0199890136719,283.0199890136719,282.6300048828125,282.75750732421875,4619
2026-09-28 12:53:00,1790614380,TWLO,282.82000732421875,282.82000732421875,282.6099853515625,282.6099853515625,2139
2026-09-28 12:54:00,1790614440,TWLO,282.739990234375,282.8699951171875,282.739990234375,282.8699951171875,2177
2026-09-28 12:55:00,1790614500,TWLO,282.8699951171875,282.9283142089844,282.760009765625,282.7850036621094,3837
2026-09-28 12:56:00,1790614560,TWLO,283.0400085449219,283.0400085449219,283.0400085449219,283.0400085449219,1031
2026-09-28 12:57:00,1790614620,TWLO,282.8999938964844,283.0150146484375,282.6199951171875,282.6199951171875,1569
2026-09-28 12:58:00,1790614680,TWLO,282.4700012207031,282.6300048828125,282.4599914550781,282.489990234375,2992
2026-09-28 12:59:00,1790614740,TWLO,282.3800048828125,282.3800048828125,282.2715148925781,282.3599853515625,1229
2026-09-28 13:00:00,1790614800,TWLO,282.25,282.32000732421875,282.04998779296875,282.32000732421875,3665
2026-09-28 13:01:00,1790614860,TWLO,282.5199890136719,283.0,282.5199890136719,283.0,2756
2026-09-28 13:02:00,1790614920,TWLO,283.0899963378906,283.0899963378906,282.7900085449219,282.8500061035156,4189
2026-09-28 13:03:00,1790614980,TWLO,282.9649963378906,283.010009765625,282.9649963378906,283.010009765625,1385
2026-09-28 13:04:00,1790615040,TWLO,282.95001220703125,282.95001220703125,282.95001220703125,282.95001220703125,380
2026-09-28 13:05:00,1790615100,TWLO,282.8699951171875,282.8699951171875,282.8299865722656,282.8299865722656,2527
2026-09-28 13:06:00,1790615160,TWLO,282.7449951171875,282.8599853515625,282.7449951171875,282.7900085449219,1819
2026-09-28 13:07:00,1790615220,TWLO,282.81500244140625,282.9800109863281,282.81500244140625,282.875,3453
2026-09-28 13:08:00,1790615280,TWLO,282.7300109863281,283.0799865722656,282.7300109863281,282.90008544921875,2162
2026-09-28 13:09:00,1790615340,TWLO,283.1299133300781,283.45001220703125,283.05499267578125,283.45001220703125,4275
2026-09-28 13:10:00,1790615400,TWLO,283.489990234375,283.54998779296875,283.3200988769531,283.5150146484375,4861
2026-09-28 13:11:00,1790615460,TWLO,283.4949951171875,284.79998779296875,283.4949951171875,284.79998779296875,5501
2026-09-28 13:12:00,1790615520,TWLO,284.4549865722656,284.57000732421875,284.1099853515625,284.17010498046875,7169
2026-09-28 13:13:00,1790615580,TWLO,284.4549865722656,284.8900146484375,284.4549865722656,284.8900146484375,4459
2026-09-28 13:14:00,1790615640,TWLO,284.95001220703125,284.95001220703125,284.635009765625,284.6549987792969,5105
2026-09-28 13:15:00,1790615700,TWLO,284.6400146484375,284.6650085449219,284.5,284.55999755859375,3613
2026-09-28 13:16:00,1790615760,TWLO,284.69000244140625,284.69000244140625,284.4800109863281,284.4800109863281,1580
2026-09-28 13:17:00,1790615820,TWLO,284.7200012207031,284.7200012207031,284.5799865722656,284.5799865722656,989
2026-09-28 13:18:00,1790615880,TWLO,284.6099853515625,284.70001220703125,284.5799865722656,284.69500732421875,1227
2026-09-28 13:19:00,1790615940,TWLO,284.6025085449219,284.6050109863281,283.8999938964844,283.8999938964844,3262
2026-09-28 13:20:00,1790616000,TWLO,284.20001220703125,284.31988525390625,284.1700134277344,284.1700134277344,1739
2026-09-28 13:21:00,1790616060,TWLO,284.239990234375,284.2550048828125,284.20001220703125,284.25,1787
2026-09-28 13:22:00,1790616120,TWLO,284.1499938964844,284.32000732421875,283.92999267578125,284.0,5770
2026-09-28 13:23:00,1790616180,TWLO,284.1099853515625,284.2149963378906,284.1099853515625,284.2099914550781,1380
2026-09-28 13:24:00,1790616240,TWLO,284.2099914550781,284.2099914550781,283.7900085449219,283.8399963378906,4980
2026-09-28 13:25:00,1790616300,TWLO,283.8299865722656,283.8299865722656,283.7200012207031,283.7300109863281,2615
2026-09-28 13:26:00,1790616360,TWLO,283.5199890136719,283.5299987792969,282.80499267578125,282.80499267578125,9675
2026-09-28 13:27:00,1790616420,TWLO,283.0,283.1499938964844,282.8399963378906,283.1499938964844,6718
2026-09-28 13:28:00,1790616480,TWLO,283.2799072265625,283.2799072265625,282.9750061035156,283.0636901855469,2843
2026-09-28 13:29:00,1790616540,TWLO,282.9750061035156,283.0098876953125,282.6400146484375,282.7900085449219,7602
2026-09-28 13:30:00,1790616600,TWLO,282.7200012207031,283.1600036621094,282.7149963378906,283.11749267578125,4562
2026-09-28 13:31:00,1790616660,TWLO,282.94000244140625,282.94000244140625,282.6000061035156,282.6099853515625,7005
2026-09-28 13:32:00,1790616720,TWLO,282.5950012207031,283.20001220703125,282.5950012207031,283.20001220703125,5302
2026-09-28 13:33:00,1790616780,TWLO,282.9849853515625,283.19000244140625,282.8599853515625,282.9849853515625,3469
2026-09-28 13:34:00,1790616840,TWLO,282.989990234375,283.42999267578125,282.697509765625,283.42999267578125,6639
2026-09-28 13:35:00,1790616900,TWLO,283.7200012207031,283.7200012207031,283.5,283.6449890136719,1823
2026-09-28 13:36:00,1790616960,TWLO,283.6600036621094,283.82000732421875,283.6600036621094,283.6600036621094,2226
2026-09-28 13:37:00,1790617020,TWLO,283.57501220703125,283.5751037597656,283.2850036621094,283.4150085449219,5380
2026-09-28 13:38:00,1790617080,TWLO,283.4800109863281,283.4800109863281,283.29998779296875,283.42498779296875,2056
2026-09-28 13:40:00,1790617200,TWLO,283.32000732421875,283.32000732421875,283.2099914550781,283.2850036621094,3408
2026-09-28 13:41:00,1790617260,TWLO,283.5497131347656,283.5497131347656,283.44500732421875,283.45001220703125,651
2026-09-28 13:42:00,1790617320,TWLO,283.45001220703125,283.45001220703125,283.2200012207031,283.31500244140625,1432
2026-09-28 13:43:00,1790617380,TWLO,283.31500244140625,283.57000732421875,283.31500244140625,283.57000732421875,2718
2026-09-28 13:44:00,1790617440,TWLO,283.6499938964844,283.70001220703125,283.6499938964844,283.70001220703125,1636
2026-09-28 13:45:00,1790617500,TWLO,283.3900146484375,283.3900146484375,283.3399963378906,283.3399963378906,1973
2026-09-28 13:46:00,1790617560,TWLO,283.2099914550781,283.2699890136719,283.17999267578125,283.2699890136719,2916
2026-09-28 13:47:00,1790617620,TWLO,283.1499938964844,283.2650146484375,283.1499938964844,283.2650146484375,396
2026-09-28 13:48:00,1790617680,TWLO,283.2550048828125,283.3399963378906,283.25,283.3399963378906,1777
2026-09-28 13:49:00,1790617740,TWLO,283.3399963378906,283.3500061035156,283.1199951171875,283.1199951171875,2449
2026-09-28 13:50:00,1790617800,TWLO,283.0400085449219,283.0400085449219,283.0400085449219,283.0400085449219,720
2026-09-28 13:51:00,1790617860,TWLO,282.8800048828125,283.0,282.82000732421875,282.95001220703125,2482
2026-09-28 13:52:00,1790617920,TWLO,282.9100036621094,282.9100036621094,282.80999755859375,282.80999755859375,2328
2026-09-28 13:53:00,1790617980,TWLO,282.8349914550781,282.8399963378906,282.760009765625,282.8399963378906,1213
2026-09-28 13:54:00,1790618040,TWLO,282.8399963378906,283.010009765625,282.7250061035156,282.7749938964844,4535
2026-09-28 13:55:00,1790618100,TWLO,282.67999267578125,282.9700012207031,282.67999267578125,282.9700012207031,536
2026-09-28 13:56:00,1790618160,TWLO,282.8500061035156,282.8999938964844,282.7200012207031,282.7200012207031,1702
2026-09-28 13:57:00,1790618220,TWLO,282.7449951171875,282.7449951171875,282.70001220703125,282.7174987792969,1482
2026-09-28 13:58:00,1790618280,TWLO,282.6499938964844,282.6499938964844,282.6199951171875,282.6300048828125,3139
2026-09-28 13:59:00,1790618340,TWLO,282.614990234375,282.7699890136719,282.614990234375,282.7099914550781,3469
2026-09-28 14:00:00,1790618400,TWLO,282.75,282.80999755859375,282.69000244140625,282.80999755859375,1317
2026-09-28 14:01:00,1790618460,TWLO,282.79998779296875,282.79998779296875,282.3974914550781,282.5199890136719,4162
2026-09-28 14:02:00,1790618520,TWLO,282.6600036621094,282.8900146484375,282.6600036621094,282.8900146484375,1746
2026-09-28 14:03:00,1790618580,TWLO,282.8900146484375,283.1300048828125,282.8900146484375,283.1300048828125,3101
2026-09-28 14:04:00,1790618640,TWLO,282.9849853515625,283.2799987792969,282.9849853515625,283.04998779296875,3000
2026-09-28 14:05:00,1790618700,TWLO,283.2799987792969,283.2799987792969,283.07000732421875,283.0899963378906,2734
2026-09-28 14:06:00,1790618760,TWLO,283.260009765625,283.27069091796875,283.07000732421875,283.19000244140625,3757
2026-09-28 14:07:00,1790618820,TWLO,283.18499755859375,283.45001220703125,283.18499755859375,283.29998779296875,3014
2026-09-28 14:08:00,1790618880,TWLO,283.46990966796875,283.5950012207031,283.30499267578125,283.5950012207031,4019
2026-09-28 14:09:00,1790618940,TWLO,283.5,283.67999267578125,283.5,283.67999267578125,1466
2026-09-28 14:10:00,1790619000,TWLO,283.6698913574219,283.6700134277344,283.5350036621094,283.5350036621094,1369
2026-09-28 14:11:00,1790619060,TWLO,283.6600036621094,283.69000244140625,283.45001220703125,283.5799865722656,6524
2026-09-28 14:12:00,1790619120,TWLO,283.42999267578125,283.42999267578125,283.29998779296875,283.385009765625,3953
2026-09-28 14:13:00,1790619180,TWLO,283.3800048828125,283.3800048828125,283.3800048828125,283.3800048828125,1273
2026-09-28 14:16:00,1790619360,TWLO,283.5199890136719,283.55499267578125,283.3349914550781,283.3349914550781,3400
2026-09-28 14:17:00,1790619420,TWLO,283.3800048828125,283.3800048828125,283.3500061035156,283.364990234375,2852
2026-09-28 14:18:00,1790619480,TWLO,283.4100036621094,283.5799865722656,283.4100036621094,283.5799865722656,2277
2026-09-28 14:19:00,1790619540,TWLO,283.6400146484375,283.739990234375,283.6000061035156,283.7300109863281,3473
2026-09-28 14:20:00,1790619600,TWLO,283.739990234375,283.739990234375,283.739990234375,283.739990234375,244
2026-09-28 14:21:00,1790619660,TWLO,283.67498779296875,283.8999938964844,283.6700134277344,283.8999938964844,3320
2026-09-28 14:22:00,1790619720,TWLO,283.9049987792969,284.0299987792969,283.7300109863281,283.7799987792969,3823
2026-09-28 14:23:00,1790619780,TWLO,283.82000732421875,284.0,283.65008544921875,283.9800109863281,2779
2026-09-28 14:24:00,1790619840,TWLO,283.75,283.9800109863281,283.75,283.9800109863281,1513
2026-09-28 14:25:00,1790619900,TWLO,284.0400085449219,284.0400085449219,283.9800109863281,283.9800109863281,1647
2026-09-28 14:26:00,1790619960,TWLO,284.07000732421875,284.1099853515625,284.05999755859375,284.05999755859375,1989
2026-09-28 14:27:00,1790620020,TWLO,283.989990234375,283.989990234375,283.8599853515625,283.8699951171875,5637
2026-09-28 14:29:00,1790620140,TWLO,283.7349853515625,284.0799865722656,283.6600036621094,284.0799865722656,4253
2026-09-28 14:30:00,1790620200,TWLO,284.0299987792969,284.2099914550781,284.0299987792969,284.1199951171875,975
2026-09-28 14:31:00,1790620260,TWLO,284.114990234375,284.114990234375,283.9100036621094,283.9100036621094,1694
2026-09-28 14:32:00,1790620320,TWLO,283.9200134277344,283.9200134277344,283.9200134277344,283.9200134277344,406
2026-09-28 14:33:00,1790620380,TWLO,283.864990234375,283.864990234375,283.70001220703125,283.70001220703125,798
2026-09-28 14:34:00,1790620440,TWLO,283.7550048828125,284.0799865722656,283.7550048828125,284.0799865722656,3071
2026-09-28 14:35:00,1790620500,TWLO,284.17498779296875,284.3299865722656,284.17498779296875,284.3299865722656,2092
2026-09-28 14:36:00,1790620560,TWLO,284.32000732421875,284.32000732421875,284.2099914550781,284.2200012207031,1685
2026-09-28 14:37:00,1790620620,TWLO,284.30999755859375,284.44000244140625,284.30999755859375,284.43701171875,2763
2026-09-28 14:38:00,1790620680,TWLO,284.32000732421875,284.6300048828125,284.32000732421875,284.6300048828125,2456
2026-09-28 14:39:00,1790620740,TWLO,284.5249938964844,284.7900085449219,284.5249938964844,284.67999267578125,3953
2026-09-28 14:40:00,1790620800,TWLO,284.67999267578125,284.79998779296875,284.5799865722656,284.79998779296875,2495
2026-09-28 14:41:00,1790620860,TWLO,284.79998779296875,284.79998779296875,284.6000061035156,284.6199951171875,3218
2026-09-28 14:42:00,1790620920,TWLO,284.614990234375,284.67999267578125,284.489990234375,284.57000732421875,4210
2026-09-28 14:43:00,1790620980,TWLO,284.55499267578125,284.6600036621094,284.4800109863281,284.57000732421875,3220
2026-09-28 14:44:00,1790621040,TWLO,284.6600036621094,284.82000732421875,284.6600036621094,284.760009765625,3609
2026-09-28 14:45:00,1790621100,TWLO,284.82000732421875,284.82000732421875,284.5899963378906,284.6199951171875,3901
2026-09-28 14:46:00,1790621160,TWLO,284.4599914550781,284.6300048828125,284.4599914550781,284.6300048828125,1256
2026-09-28 14:47:00,1790621220,TWLO,284.614990234375,284.614990234375,284.489990234375,284.5299987792969,1201
2026-09-28 14:48:00,1790621280,TWLO,284.70001220703125,284.7799987792969,284.6099853515625,284.7799987792969,3312
2026-09-28 14:49:00,1790621340,TWLO,284.82000732421875,285.7950134277344,284.82000732421875,285.55499267578125,15160
2026-09-28 14:50:00,1790621400,TWLO,285.67999267578125,285.9800109863281,285.67999267578125,285.80999755859375,3300
2026-09-28 14:51:00,1790621460,TWLO,285.8500061035156,286.0,285.6400146484375,286.0,4577
2026-09-28 14:52:00,1790621520,TWLO,286.20001220703125,286.20001220703125,286.0299987792969,286.0299987792969,1278
2026-09-28 14:53:00,1790621580,TWLO,286.20001220703125,286.5150146484375,286.20001220703125,286.4800109863281,4646
2026-09-28 14:54:00,1790621640,TWLO,286.7200012207031,286.7300109863281,286.5899963378906,286.6300048828125,3454
2026-09-28 14:55:00,1790621700,TWLO,286.7200012207031,286.7699890136719,286.5400085449219,286.63751220703125,7472
2026-09-28 14:56:00,1790621760,TWLO,286.614990234375,286.7499084472656,286.2699890136719,286.2850036621094,5629
2026-09-28 14:57:00,1790621820,TWLO,285.9599914550781,286.14990234375,285.9599914550781,286.0899963378906,751
2026-09-28 14:58:00,1790621880,TWLO,285.7650146484375,285.7650146484375,285.4700012207031,285.4700012207031,3362
2026-09-28 14:59:00,1790621940,TWLO,285.269287109375,285.9200134277344,285.269287109375,285.69000244140625,9936
2026-09-28 15:00:00,1790622000,TWLO,285.69000244140625,285.7900085449219,285.3512878417969,285.4549865722656,8627
2026-09-28 15:01:00,1790622060,TWLO,285.4949951171875,285.54998779296875,285.4949951171875,285.5199890136719,2077
2026-09-28 15:02:00,1790622120,TWLO,285.5950012207031,285.5950012207031,285.57000732421875,285.57501220703125,832
2026-09-28 15:03:00,1790622180,TWLO,285.57501220703125,285.6400146484375,285.3299865722656,285.5799865722656,3261
2026-09-28 15:04:00,1790622240,TWLO,285.32000732421875,285.5299987792969,285.32000732421875,285.5299987792969,2172
2026-09-28 15:05:00,1790622300,TWLO,285.6300048828125,286.510009765625,285.6300048828125,286.45001220703125,6509
2026-09-28 15:06:00,1790622360,TWLO,286.6300048828125,286.6300048828125,286.54998779296875,286.57000732421875,2058
2026-09-28 15:07:00,1790622420,TWLO,286.4714050292969,286.8399963378906,286.4714050292969,286.739990234375,2110
2026-09-28 15:08:00,1790622480,TWLO,286.9599914550781,287.4200134277344,286.9599914550781,286.9649963378906,5146
2026-09-28 15:09:00,1790622540,TWLO,286.9700012207031,287.2099914550781,286.9700012207031,287.1300048828125,2946
2026-09-28 15:10:00,1790622600,TWLO,287.1199951171875,287.1199951171875,286.9700012207031,287.1000061035156,3628
2026-09-28 15:11:00,1790622660,TWLO,287.010009765625,287.1400146484375,286.7099914550781,286.7099914550781,5736
2026-09-28 15:12:00,1790622720,TWLO,286.7799987792969,286.8349914550781,286.69000244140625,286.7300109863281,2596
2026-09-28 15:13:00,1790622780,TWLO,286.79998779296875,286.79998779296875,286.2900085449219,286.3599853515625,3647
2026-09-28 15:14:00,1790622840,TWLO,286.2900085449219,286.489990234375,286.07000732421875,286.1400146484375,8796
2026-09-28 15:15:00,1790622900,TWLO,286.1600036621094,286.1700134277344,285.9599914550781,286.0400085449219,3223
2026-09-28 15:16:00,1790622960,TWLO,286.1400146484375,286.239990234375,286.1400146484375,286.239990234375,925
2026-09-28 15:17:00,1790623020,TWLO,286.239990234375,286.489990234375,286.2099914550781,286.385009765625,3877
2026-09-28 15:18:00,1790623080,TWLO,286.3900146484375,286.54998779296875,286.2200012207031,286.3450012207031,5130
2026-09-28 15:19:00,1790623140,TWLO,286.2799987792969,286.3450927734375,286.1199951171875,286.1199951171875,2109
2026-09-28 15:20:00,1790623200,TWLO,286.07000732421875,286.42498779296875,286.07000732421875,286.2850036621094,5445
2026-09-28 15:21:00,1790623260,TWLO,286.3872985839844,286.5799865722656,286.3872985839844,286.489990234375,1445
2026-09-28 15:22:00,1790623320,TWLO,286.3500061035156,286.6300048828125,286.3500061035156,286.4670104980469,2990
2026-09-28 15:23:00,1790623380,TWLO,286.4800109863281,286.4800109863281,285.69000244140625,285.7300109863281,8906
2026-09-28 15:24:00,1790623440,TWLO,285.8299865722656,285.8900146484375,285.760009765625,285.7900085449219,3950
2026-09-28 15:25:00,1790623500,TWLO,285.7900085449219,285.94500732421875,285.7900085449219,285.822509765625,7144
2026-09-28 15:26:00,1790623560,TWLO,285.67999267578125,285.67999267578125,285.4150085449219,285.614990234375,2531
2026-09-28 15:27:00,1790623620,TWLO,285.8299865722656,285.875,285.6820068359375,285.7650146484375,4832
2026-09-28 15:28:00,1790623680,TWLO,285.7349853515625,285.739990234375,285.6300048828125,285.739990234375,1172
2026-09-28 15:29:00,1790623740,TWLO,285.7449951171875,285.75,285.7449951171875,285.75,1866
2026-09-28 15:30:00,1790623800,TWLO,285.8699951171875,286.56500244140625,285.6199951171875,286.489990234375,8892
2026-09-28 15:31:00,1790623860,TWLO,286.57501220703125,287.42999267578125,286.57501220703125,287.1600036621094,10311
2026-09-28 15:32:00,1790623920,TWLO,287.2950134277344,287.8999938964844,287.1300048828125,287.80218505859375,17196
2026-09-28 15:33:00,1790623980,TWLO,287.3800048828125,288.1700134277344,287.3800048828125,287.510009765625,14037
2026-09-28 15:34:00,1790624040,TWLO,287.510009765625,287.5199890136719,287.2099914550781,287.5199890136719,10384
2026-09-28 15:35:00,1790624100,TWLO,287.3999938964844,287.639892578125,286.94000244140625,287.1400146484375,7453
2026-09-28 15:36:00,1790624160,TWLO,287.3299865722656,287.3299865722656,287.135009765625,287.1600036621094,8174
2026-09-28 15:37:00,1790624220,TWLO,287.114990234375,287.1199951171875,286.7200012207031,286.9049987792969,8589
2026-09-28 15:38:00,1790624280,TWLO,286.9049987792969,287.1199951171875,286.9049987792969,287.0,3943
2026-09-28 15:39:00,1790624340,TWLO,286.864990234375,287.1199951171875,286.82000732421875,287.1199951171875,6553
2026-09-28 15:40:00,1790624400,TWLO,287.1199951171875,287.1600036621094,286.8800048828125,286.94500732421875,4297
2026-09-28 15:41:00,1790624460,TWLO,286.8299865722656,286.8299865722656,286.7149963378906,286.8299865722656,4960
2026-09-28 15:42:00,1790624520,TWLO,287.1000061035156,287.7149963378906,287.1000061035156,287.6600036621094,7433
2026-09-28 15:43:00,1790624580,TWLO,287.57000732421875,288.1400146484375,287.55999755859375,288.1000061035156,11571
2026-09-28 15:44:00,1790624640,TWLO,287.7893981933594,287.9949951171875,287.739990234375,287.989990234375,3652
2026-09-28 15:45:00,1790624700,TWLO,287.8800048828125,287.989990234375,287.25,287.4150085449219,12165
2026-09-28 15:46:00,1790624760,TWLO,287.4200134277344,287.489990234375,287.1300048828125,287.3500061035156,6398
2026-09-28 15:47:00,1790624820,TWLO,287.4800109863281,287.6499938964844,287.3599853515625,287.3599853515625,14474
2026-09-28 15:48:00,1790624880,TWLO,287.2300109863281,287.4599914550781,287.0899963378906,287.1650085449219,12712
2026-09-28 15:49:00,1790624940,TWLO,287.1033935546875,287.30999755859375,286.6000061035156,286.7099914550781,12045
2026-09-28 15:50:00,1790625000,TWLO,286.7099914550781,286.75,286.57000732421875,286.62750244140625,8525
2026-09-28 15:51:00,1790625060,TWLO,286.54998779296875,286.7974853515625,286.54998779296875,286.7950134277344,8245
2026-09-28 15:52:00,1790625120,TWLO,286.8399963378906,287.1046142578125,286.760009765625,287.0299987792969,12541
2026-09-28 15:53:00,1790625180,TWLO,286.94000244140625,287.25,286.8900146484375,287.19000244140625,19693
2026-09-28 15:54:00,1790625240,TWLO,287.1400146484375,287.2300109863281,286.5000915527344,286.6400146484375,22272
2026-09-28 15:55:00,1790625300,TWLO,286.635009765625,287.1499938964844,286.5849914550781,286.9800109863281,31113
2026-09-28 15:56:00,1790625360,TWLO,287.0249938964844,287.14898681640625,286.8900146484375,286.92999267578125,27006
2026-09-28 15:57:00,1790625420,TWLO,286.92999267578125,287.1199951171875,286.9200134277344,287.0775146484375,21427
2026-09-28 15:58:00,1790625480,TWLO,287.04998779296875,287.0799865722656,286.6400146484375,286.9200134277344,0
2026-09-28 15:59:00,1790625540,TWLO,286.8800048828125,287.1199951171875,286.57000732421875,287.0050048828125,65872
2026-09-28 16:00:00,1790625600,TWLO,286.9800109863281,286.9800109863281,286.9800109863281,286.9800109863281,0
2026-09-29 09:30:00,1790688600,TWLO,285.7300109863281,287.7799987792969,283.20001220703125,286.625,28893
2026-09-29 09:31:00,1790688660,TWLO,287.0799865722656,287.7699890136719,286.625,286.625,3523
2026-09-29 09:32:00,1790688720,TWLO,287.7699890136719,287.7699890136719,286.052490234375,286.052490234375,3398
2026-09-29 09:33:00,1790688780,TWLO,287.760009765625,288.5799865722656,286.5614929199219,288.510009765625,8559
2026-09-29 09:34:00,1790688840,TWLO,288.1300048828125,289.2699890136719,287.0799865722656,288.8399963378906,10952
2026-09-29 09:35:00,1790688900,TWLO,288.9599914550781,288.9800109863281,287.7900085449219,288.4849853515625,4132
2026-09-29 09:36:00,1790688960,TWLO,288.4849853515625,288.4849853515625,287.4700012207031,288.4200134277344,2273
2026-09-29 09:37:00,1790689020,TWLO,287.4100036621094,288.0799865722656,287.3599853515625,288.0799865722656,1400
2026-09-29 09:38:00,1790689080,TWLO,287.5299987792969,288.04998779296875,286.05999755859375,286.67999267578125,5198
2026-09-29 09:39:00,1790689140,TWLO,287.0827941894531,287.2900085449219,286.55499267578125,286.55499267578125,2069
2026-09-29 09:40:00,1790689200,TWLO,286.5400085449219,286.67999267578125,285.4700012207031,285.4700012207031,6704
2026-09-29 09:41:00,1790689260,TWLO,285.510009765625,285.510009765625,283.9801025390625,284.5899963378906,4666
2026-09-29 09:42:00,1790689320,TWLO,284.2261962890625,286.1199951171875,284.2261962890625,285.6099853515625,23434
2026-09-29 09:43:00,1790689380,TWLO,285.9649963378906,285.9649963378906,284.4200134277344,284.4849853515625,6725
2026-09-29 09:44:00,1790689440,TWLO,284.572509765625,285.3324890136719,284.572509765625,284.5874938964844,6649
2026-09-29 09:45:00,1790689500,TWLO,285.3500061035156,285.3699951171875,282.68499755859375,283.20001220703125,11814
2026-09-29 09:46:00,1790689560,TWLO,283.19000244140625,284.54998779296875,282.8949890136719,284.17498779296875,5272
2026-09-29 09:47:00,1790689620,TWLO,284.30999755859375,284.3374938964844,283.57000732421875,283.7200012207031,4668
2026-09-29 09:48:00,1790689680,TWLO,283.8500061035156,284.3599853515625,283.6099853515625,284.0379943847656,6268
2026-09-29 09:49:00,1790689740,TWLO,284.0775146484375,284.42999267578125,284.0775146484375,284.42999267578125,2688
2026-09-29 09:50:00,1790689800,TWLO,284.7699890136719,285.3900146484375,283.989990234375,285.3900146484375,3708
2026-09-29 09:51:00,1790689860,TWLO,285.4100036621094,286.07000732421875,285.4100036621094,286.0150146484375,2758
2026-09-29 09:52:00,1790689920,TWLO,286.010009765625,286.010009765625,285.1400146484375,285.1600036621094,6267
2026-09-29 09:53:00,1790689980,TWLO,285.1700134277344,285.7099914550781,285.1400146484375,285.5,4650
2026-09-29 09:54:00,1790690040,TWLO,285.5450134277344,285.739990234375,285.5450134277344,285.739990234375,1565
2026-09-29 09:55:00,1790690100,TWLO,285.5,285.9700012207031,285.45001220703125,285.614990234375,12230
2026-09-29 09:56:00,1790690160,TWLO,285.614990234375,285.614990234375,285.3949890136719,285.6000061035156,3433
2026-09-29 09:57:00,1790690220,TWLO,285.6000061035156,285.6000061035156,285.0299987792969,285.6000061035156,7153
2026-09-29 09:58:00,1790690280,TWLO,284.7099914550781,284.7099914550781,284.69000244140625,284.69000244140625,1653
2026-09-29 09:59:00,1790690340,TWLO,284.70001220703125,285.3299865722656,284.70001220703125,285.05999755859375,19854
2026-09-29 10:00:00,1790690400,TWLO,285.06500244140625,285.1499938964844,284.0,284.4700012207031,6024
2026-09-29 10:01:00,1790690460,TWLO,284.2449951171875,284.2699890136719,283.94500732421875,283.94500732421875,2869
2026-09-29 10:02:00,1790690520,TWLO,283.9100036621094,284.1300048828125,283.5400085449219,284.1099853515625,4710
2026-09-29 10:03:00,1790690580,TWLO,284.0350036621094,284.0350036621094,284.0,284.0350036621094,1839
2026-09-29 10:04:00,1790690640,TWLO,283.5899963378906,284.489990234375,283.5799865722656,284.24749755859375,5514
2026-09-29 10:05:00,1790690700,TWLO,283.8699951171875,284.68499755859375,283.8699951171875,284.68499755859375,4882
2026-09-29 10:06:00,1790690760,TWLO,284.6400146484375,284.73199462890625,284.6400146484375,284.73199462890625,1357
2026-09-29 10:07:00,1790690820,TWLO,284.239990234375,284.239990234375,283.9200134277344,283.9200134277344,2971
2026-09-29 10:09:00,1790690940,TWLO,283.5,283.5,282.94000244140625,283.4049987792969,6390
2026-09-29 10:10:00,1790691000,TWLO,283.42999267578125,284.06500244140625,283.24090576171875,283.9700012207031,7358
2026-09-29 10:11:00,1790691060,TWLO,283.9700012207031,283.9700012207031,283.94500732421875,283.94500732421875,1229
2026-09-29 10:12:00,1790691120,TWLO,283.94500732421875,283.94500732421875,283.7850036621094,283.7850036621094,879
2026-09-29 10:13:00,1790691180,TWLO,283.7900085449219,284.0,283.7073974609375,283.9525146484375,4311
2026-09-29 10:14:00,1790691240,TWLO,283.885009765625,284.19000244140625,283.1700134277344,283.18499755859375,8848
2026-09-29 10:15:00,1790691300,TWLO,283.3599853515625,283.5400085449219,282.510009765625,282.7799987792969,5177
2026-09-29 10:16:00,1790691360,TWLO,282.7799987792969,282.7799987792969,282.4599914550781,282.7799987792969,3121
2026-09-29 10:17:00,1790691420,TWLO,282.2300109863281,283.0,281.9750061035156,283.0,16574
2026-09-29 10:18:00,1790691480,TWLO,283.0899963378906,283.0899963378906,283.0299987792969,283.0299987792969,1570
2026-09-29 10:19:00,1790691540,TWLO,283.25,283.7099914550781,283.25,283.6099853515625,2918
2026-09-29 10:20:00,1790691600,TWLO,283.92999267578125,283.9549865722656,283.8999938964844,283.9549865722656,2116
2026-09-29 10:21:00,1790691660,TWLO,283.9599914550781,283.9599914550781,283.7699890136719,283.9150085449219,1342
2026-09-29 10:22:00,1790691720,TWLO,283.9599914550781,285.1300048828125,283.9599914550781,284.94500732421875,5401
2026-09-29 10:23:00,1790691780,TWLO,284.95001220703125,284.95001220703125,284.239990234375,284.30499267578125,5089
2026-09-29 10:24:00,1790691840,TWLO,284.67999267578125,284.9700012207031,284.67999267578125,284.9700012207031,1617
2026-09-29 10:25:00,1790691900,TWLO,284.7099914550781,284.7799987792969,284.7099914550781,284.7799987792969,885
2026-09-29 10:26:00,1790691960,TWLO,285.0,285.0,284.8299865722656,284.8299865722656,3084
2026-09-29 10:27:00,1790692020,TWLO,284.8299865722656,284.8699951171875,284.8299865722656,284.8699951171875,2016
2026-09-29 10:28:00,1790692080,TWLO,284.8550109863281,284.8599853515625,284.29998779296875,284.32000732421875,5702
2026-09-29 10:29:00,1790692140,TWLO,284.1099853515625,284.2250061035156,284.1000061035156,284.2250061035156,1744
2026-09-29 10:30:00,1790692200,TWLO,284.3699951171875,284.6400146484375,284.3699951171875,284.4150085449219,3306
2026-09-29 10:31:00,1790692260,TWLO,284.3399963378906,284.4150085449219,284.1499938964844,284.197509765625,3600
2026-09-29 10:32:00,1790692320,TWLO,284.0199890136719,284.4700012207031,283.9700012207031,284.4700012207031,2782
2026-09-29 10:33:00,1790692380,TWLO,284.0799865722656,284.2799987792969,284.04998779296875,284.2799987792969,826
2026-09-29 10:34:00,1790692440,TWLO,284.19000244140625,284.19000244140625,283.9700012207031,284.0299987792969,2532
2026-09-29 10:35:00,1790692500,TWLO,284.0199890136719,284.3999938964844,284.0150146484375,284.3949890136719,4690
2026-09-29 10:36:00,1790692560,TWLO,284.67999267578125,284.7300109863281,284.3999938964844,284.3999938964844,2450
2026-09-29 10:37:00,1790692620,TWLO,284.6449890136719,284.6449890136719,284.6449890136719,284.6449890136719,707
2026-09-29 10:38:00,1790692680,TWLO,284.70916748046875,285.0799865722656,284.6700134277344,285.010009765625,3332
2026-09-29 10:39:00,1790692740,TWLO,285.0199890136719,285.0350036621094,284.5249938964844,284.5249938964844,2904
2026-09-29 10:40:00,1790692800,TWLO,284.5199890136719,284.5199890136719,283.67999267578125,283.67999267578125,5048
2026-09-29 10:41:00,1790692860,TWLO,283.8299865722656,284.0,283.8299865722656,284.0,1134
2026-09-29 10:42:00,1790692920,TWLO,283.92999267578125,283.92999267578125,283.55999755859375,283.55999755859375,1034
2026-09-29 10:43:00,1790692980,TWLO,283.45001220703125,283.45001220703125,282.9599914550781,282.9599914550781,1979
2026-09-29 10:44:00,1790693040,TWLO,282.8399963378906,283.1600036621094,282.7300109863281,282.99169921875,2707
2026-09-29 10:45:00,1790693100,TWLO,283.04998779296875,283.1000061035156,282.6400146484375,282.75,2692
2026-09-29 10:46:00,1790693160,TWLO,282.75,282.75,282.42999267578125,282.6199951171875,3576
2026-09-29 10:47:00,1790693220,TWLO,282.6199951171875,282.7300109863281,282.4200134277344,282.7250061035156,3880
2026-09-29 10:48:00,1790693280,TWLO,282.94000244140625,283.159912109375,282.8299865722656,282.8450012207031,3792
2026-09-29 10:50:00,1790693400,TWLO,282.8699951171875,283.0299987792969,282.3399963378906,282.81500244140625,6143
2026-09-29 10:51:00,1790693460,TWLO,282.82000732421875,282.82501220703125,282.7699890136719,282.7950134277344,2235
2026-09-29 10:52:00,1790693520,TWLO,282.8599853515625,283.2300109863281,282.8599853515625,283.1449890136719,3021
2026-09-29 10:53:00,1790693580,TWLO,283.1449890136719,283.3599853515625,282.9342956542969,283.3599853515625,3195
2026-09-29 10:54:00,1790693640,TWLO,283.1600036621094,283.3999938964844,283.1499938964844,283.3999938964844,3528
2026-09-29 10:55:00,1790693700,TWLO,283.2099914550781,283.80999755859375,282.92999267578125,283.80999755859375,56669
2026-09-29 10:56:00,1790693760,TWLO,283.56500244140625,283.82000732421875,283.56500244140625,283.82000732421875,1268
2026-09-29 10:57:00,1790693820,TWLO,283.8399963378906,284.0299987792969,283.8399963378906,283.9200134277344,2170
2026-09-29 10:58:00,1790693880,TWLO,284.1332092285156,284.54998779296875,284.1000061035156,284.1000061035156,5437
2026-09-29 10:59:00,1790693940,TWLO,283.9700012207031,284.20001220703125,283.760009765625,283.760009765625,2631
2026-09-29 11:00:00,1790694000,TWLO,283.6650085449219,283.6700134277344,283.6400146484375,283.6700134277344,2316
2026-09-29 11:01:00,1790694060,TWLO,283.760009765625,283.95001220703125,283.760009765625,283.7650146484375,4971
2026-09-29 11:02:00,1790694120,TWLO,283.7550048828125,283.7550048828125,283.5199890136719,283.69500732421875,2482
2026-09-29 11:03:00,1790694180,TWLO,283.80999755859375,283.80999755859375,283.80999755859375,283.80999755859375,848
2026-09-29 11:04:00,1790694240,TWLO,283.92999267578125,284.0849914550781,283.7799987792969,283.7799987792969,3370
2026-09-29 11:05:00,1790694300,TWLO,283.7749938964844,283.7749938964844,283.6700134277344,283.739990234375,10127
2026-09-29 11:06:00,1790694360,TWLO,284.0199890136719,284.7799987792969,284.0199890136719,284.739990234375,6737
2026-09-29 11:08:00,1790694480,TWLO,284.8900146484375,284.8900146484375,284.8900146484375,284.8900146484375,1127
2026-09-29 11:09:00,1790694540,TWLO,284.5,284.5899963378906,284.43499755859375,284.5899963378906,2073
2026-09-29 11:10:00,1790694600,TWLO,284.4599914550781,284.4700012207031,284.4599914550781,284.4599914550781,3000
2026-09-29 11:11:00,1790694660,TWLO,284.4599914550781,285.1499938964844,284.4599914550781,284.70001220703125,4699
2026-09-29 11:13:00,1790694780,TWLO,285.239990234375,285.4100036621094,285.2300109863281,285.4100036621094,1356
2026-09-29 11:14:00,1790694840,TWLO,285.4200134277344,285.44000244140625,285.3949890136719,285.44000244140625,1399
2026-09-29 11:15:00,1790694900,TWLO,285.3999938964844,285.3999938964844,284.9599914550781,284.9599914550781,8951
2026-09-29 11:16:00,1790694960,TWLO,285.0450134277344,285.0450134277344,284.7699890136719,284.7699890136719,1353
2026-09-29 11:17:00,1790695020,TWLO,284.7099914550781,284.7099914550781,284.7099914550781,284.7099914550781,414
2026-09-29 11:18:00,1790695080,TWLO,284.7349853515625,284.94000244140625,284.7300109863281,284.80999755859375,1675
2026-09-29 11:19:00,1790695140,TWLO,284.6700134277344,284.8999938964844,284.6499938964844,284.8800048828125,6082
2026-09-29 11:20:00,1790695200,TWLO,284.7099914550781,285.0199890136719,284.5199890136719,284.69000244140625,1740
2026-09-29 11:21:00,1790695260,TWLO,284.6700134277344,284.67999267578125,284.6700134277344,284.67999267578125,493
2026-09-29 11:22:00,1790695320,TWLO,284.75,284.75,284.6300048828125,284.635009765625,1687
2026-09-29 11:23:00,1790695380,TWLO,284.614990234375,284.8299865722656,284.614990234375,284.80999755859375,3584
2026-09-29 11:24:00,1790695440,TWLO,284.80999755859375,284.80999755859375,284.69000244140625,284.7300109863281,1327
2026-09-29 11:25:00,1790695500,TWLO,284.75,285.5249938964844,284.75,285.32000732421875,9354
2026-09-29 11:26:00,1790695560,TWLO,285.25,285.25,285.25,285.25,562
2026-09-29 11:27:00,1790695620,TWLO,285.2950134277344,285.2950134277344,285.2412109375,285.2699890136719,1395
2026-09-29 11:28:00,1790695680,TWLO,285.2650146484375,285.3399963378906,285.1700134277344,285.3399963378906,3322
2026-09-29 11:29:00,1790695740,TWLO,285.0899963378906,285.3500061035156,285.0799865722656,285.3399963378906,2961
2026-09-29 11:30:00,1790695800,TWLO,285.489990234375,285.70001220703125,285.29998779296875,285.6549987792969,4508
2026-09-29 11:31:00,1790695860,TWLO,285.6499938964844,285.67498779296875,285.489990234375,285.489990234375,2459
2026-09-29 11:32:00,1790695920,TWLO,285.614990234375,285.614990234375,285.5899963378906,285.5899963378906,888
2026-09-29 11:33:00,1790695980,TWLO,285.5950012207031,285.760009765625,285.4200134277344,285.5199890136719,2952
2026-09-29 11:34:00,1790696040,TWLO,285.5299987792969,285.5299987792969,285.30499267578125,285.40509033203125,7871
2026-09-29 11:35:00,1790696100,TWLO,285.6600036621094,285.92999267578125,285.6600036621094,285.82501220703125,3486
2026-09-29 11:36:00,1790696160,TWLO,285.79998779296875,285.82501220703125,285.79998779296875,285.82501220703125,1161
2026-09-29 11:37:00,1790696220,TWLO,285.82000732421875,285.9800109863281,285.82000732421875,285.82000732421875,2725
2026-09-29 11:38:00,1790696280,TWLO,285.82000732421875,285.8299865722656,285.7950134277344,285.8275146484375,2815
2026-09-29 11:39:00,1790696340,TWLO,285.8399963378906,285.8399963378906,285.8399963378906,285.8399963378906,1276
2026-09-29 11:40:00,1790696400,TWLO,285.8800048828125,286.0,285.364990234375,285.54998779296875,32188
2026-09-29 11:41:00,1790696460,TWLO,285.8900146484375,286.2200012207031,285.8900146484375,286.2200012207031,3524
2026-09-29 11:42:00,1790696520,TWLO,286.1499938964844,286.5299987792969,286.1400146484375,286.3399963378906,2675
2026-09-29 11:43:00,1790696580,TWLO,286.364990234375,286.364990234375,286.364990234375,286.364990234375,589
2026-09-29 11:44:00,1790696640,TWLO,286.385009765625,286.6400146484375,286.1099853515625,286.1400146484375,3925
2026-09-29 11:45:00,1790696700,TWLO,286.2749938964844,286.5299987792969,286.2200012207031,286.2749938964844,6640
2026-09-29 11:46:00,1790696760,TWLO,286.2749938964844,286.2749938964844,286.17498779296875,286.18499755859375,2008
2026-09-29 11:47:00,1790696820,TWLO,286.3299865722656,286.5299987792969,286.2799987792969,286.30999755859375,2801
2026-09-29 11:48:00,1790696880,TWLO,286.30999755859375,286.31500244140625,286.2250061035156,286.2250061035156,1764
2026-09-29 11:49:00,1790696940,TWLO,286.2149963378906,286.2149963378906,286.010009765625,286.1499938964844,4410
2026-09-29 11:50:00,1790697000,TWLO,286.20001220703125,286.260009765625,286.010009765625,286.010009765625,2024
2026-09-29 11:51:00,1790697060,TWLO,286.0350036621094,286.0350036621094,286.0350036621094,286.0350036621094,727
2026-09-29 11:52:00,1790697120,TWLO,286.1000061035156,286.1000061035156,286.0899963378906,286.0899963378906,2769
2026-09-29 11:53:00,1790697180,TWLO,286.0849914550781,286.0849914550781,285.8900146484375,286.0150146484375,3822
2026-09-29 11:54:00,1790697240,TWLO,285.92041015625,285.92041015625,285.9049987792969,285.9049987792969,3151
2026-09-29 11:55:00,1790697300,TWLO,286.07000732421875,286.07000732421875,285.5400085449219,285.739990234375,8629
2026-09-29 11:56:00,1790697360,TWLO,285.68499755859375,285.80999755859375,285.68499755859375,285.7349853515625,6035
2026-09-29 11:57:00,1790697420,TWLO,285.7349853515625,285.7349853515625,285.3500061035156,285.6899108886719,13333
2026-09-29 11:58:00,1790697480,TWLO,285.239990234375,285.3699951171875,285.239990234375,285.32501220703125,2250
2026-09-29 11:59:00,1790697540,TWLO,285.20001220703125,285.20001220703125,284.95001220703125,284.95001220703125,1775
2026-09-29 12:00:00,1790697600,TWLO,284.8299865722656,285.1199951171875,284.82000732421875,285.10418701171875,2716
2026-09-29 12:01:00,1790697660,TWLO,285.04998779296875,285.05999755859375,285.04998779296875,285.05999755859375,893
2026-09-29 12:02:00,1790697720,TWLO,284.80999755859375,284.875,284.7300109863281,284.8699951171875,4506
2026-09-29 12:03:00,1790697780,TWLO,284.7300109863281,285.0,284.7200012207031,284.8699951171875,12630
2026-09-29 12:04:00,1790697840,TWLO,284.8699951171875,285.3399963378906,284.8699951171875,285.2300109863281,58925
2026-09-29 12:05:00,1790697900,TWLO,285.2300109863281,285.25,285.20001220703125,285.25,2299
2026-09-29 12:06:00,1790697960,TWLO,285.25,285.25,285.2099914550781,285.2275085449219,2203
2026-09-29 12:07:00,1790698020,TWLO,285.2449951171875,285.2449951171875,284.6199951171875,284.6300048828125,6430
2026-09-29 12:08:00,1790698080,TWLO,284.5899963378906,285.2799987792969,284.5799865722656,285.18499755859375,4316
2026-09-29 12:09:00,1790698140,TWLO,285.0400085449219,285.5,285.0350036621094,285.5,6663
2026-09-29 12:10:00,1790698200,TWLO,285.4700012207031,285.82000732421875,285.4700012207031,285.6199951171875,3921
2026-09-29 12:12:00,1790698320,TWLO,285.6099853515625,285.6099853515625,285.260009765625,285.260009765625,1648
2026-09-29 12:14:00,1790698440,TWLO,285.20001220703125,285.20001220703125,285.18499755859375,285.18499755859375,4646
2026-09-29 12:15:00,1790698500,TWLO,285.17999267578125,285.17999267578125,285.17999267578125,285.17999267578125,275
2026-09-29 12:16:00,1790698560,TWLO,285.17999267578125,285.5799865722656,285.17999267578125,285.5,11536
2026-09-29 12:17:00,1790698620,TWLO,285.2699890136719,285.489990234375,285.2699890136719,285.4849853515625,1237
2026-09-29 12:18:00,1790698680,TWLO,285.489990234375,285.92999267578125,285.4700012207031,285.92999267578125,2429
2026-09-29 12:19:00,1790698740,TWLO,285.92999267578125,286.4200134277344,285.9100036621094,286.29998779296875,5048
2026-09-29 12:20:00,1790698800,TWLO,286.2950134277344,286.3900146484375,286.2950134277344,286.3900146484375,4532
2026-09-29 12:21:00,1790698860,TWLO,286.0400085449219,286.0799865722656,285.739990234375,285.75,4971
2026-09-29 12:22:00,1790698920,TWLO,285.8900146484375,285.9700012207031,285.82000732421875,285.92498779296875,8160
2026-09-29 12:23:00,1790698980,TWLO,285.9100036621094,286.17999267578125,285.8900146484375,285.9049987792969,1111
2026-09-29 12:24:00,1790699040,TWLO,285.9150085449219,285.9150085449219,285.9150085449219,285.9150085449219,408
2026-09-29 12:25:00,1790699100,TWLO,286.0400085449219,286.0400085449219,285.989990234375,286.0199890136719,1888
2026-09-29 12:26:00,1790699160,TWLO,285.92498779296875,285.95001220703125,285.9200134277344,285.95001220703125,3861
2026-09-29 12:27:00,1790699220,TWLO,286.0150146484375,286.17999267578125,286.0150146484375,286.15509033203125,2645
2026-09-29 12:28:00,1790699280,TWLO,286.1549987792969,286.1549987792969,285.92999267578125,285.92999267578125,1613
2026-09-29 12:29:00,1790699340,TWLO,286.07000732421875,286.07000732421875,285.9100036621094,285.9100036621094,6944
2026-09-29 12:30:00,1790699400,TWLO,285.7699890136719,285.7699890136719,285.75,285.75,1650
2026-09-29 12:31:00,1790699460,TWLO,285.9599914550781,286.0050048828125,285.92999267578125,285.92999267578125,2793
2026-09-29 12:32:00,1790699520,TWLO,285.7699890136719,285.8399963378906,285.7699890136719,285.7749938964844,2754
2026-09-29 12:33:00,1790699580,TWLO,286.05999755859375,286.1499938964844,286.05999755859375,286.1300048828125,1928
2026-09-29 12:34:00,1790699640,TWLO,286.125,286.2699890136719,285.92999267578125,286.04998779296875,2276
2026-09-29 12:35:00,1790699700,TWLO,285.864990234375,286.04998779296875,285.80999755859375,286.04998779296875,4959
2026-09-29 12:36:00,1790699760,TWLO,286.1499938964844,286.1700134277344,286.1499938964844,286.1700134277344,555
2026-09-29 12:37:00,1790699820,TWLO,286.2200012207031,286.3999938964844,286.1575012207031,286.1575012207031,4341
2026-09-29 12:38:00,1790699880,TWLO,286.1549987792969,286.3299865722656,286.1400146484375,286.1700134277344,4459
2026-09-29 12:39:00,1790699940,TWLO,286.1000061035156,286.1499938964844,286.1000061035156,286.1300048828125,729
2026-09-29 12:40:00,1790700000,TWLO,286.1300048828125,286.3500061035156,286.1300048828125,286.2699890136719,5556
2026-09-29 12:41:00,1790700060,TWLO,286.2850036621094,286.2850036621094,286.2850036621094,286.2850036621094,527
2026-09-29 12:42:00,1790700120,TWLO,286.260009765625,286.3900146484375,286.260009765625,286.3800048828125,1887
2026-09-29 12:43:00,1790700180,TWLO,286.3500061035156,286.3500061035156,286.2099914550781,286.2349853515625,8986
2026-09-29 12:44:00,1790700240,TWLO,286.2349853515625,286.2349853515625,286.2300109863281,286.2300109863281,2118
2026-09-29 12:45:00,1790700300,TWLO,286.2300109863281,286.2300109863281,286.2300109863281,286.2300109863281,1543
2026-09-29 12:46:00,1790700360,TWLO,286.19000244140625,286.20001220703125,286.19000244140625,286.20001220703125,631
2026-09-29 12:47:00,1790700420,TWLO,286.19000244140625,286.5400085449219,286.19000244140625,286.3949890136719,3549
2026-09-29 12:48:00,1790700480,TWLO,286.3999938964844,286.57000732421875,286.3949890136719,286.57000732421875,942
2026-09-29 12:49:00,1790700540,TWLO,286.5249938964844,286.5299987792969,286.5249938964844,286.5249938964844,1520
2026-09-29 12:50:00,1790700600,TWLO,286.5150146484375,286.7699890136719,286.3599853515625,286.6099853515625,3897
2026-09-29 12:51:00,1790700660,TWLO,286.69000244140625,286.69000244140625,286.6824951171875,286.6824951171875,1301
2026-09-29 12:52:00,1790700720,TWLO,286.68499755859375,286.68499755859375,286.68499755859375,286.68499755859375,1657
2026-09-29 12:53:00,1790700780,TWLO,286.68499755859375,286.69000244140625,286.3500061035156,286.5,10203
2026-09-29 12:54:00,1790700840,TWLO,286.4599914550781,286.4700012207031,286.4599914550781,286.4700012207031,4257
2026-09-29 12:55:00,1790700900,TWLO,286.489990234375,286.489990234375,286.489990234375,286.489990234375,869
2026-09-29 12:56:00,1790700960,TWLO,286.510009765625,286.510009765625,286.4949951171875,286.4949951171875,2829
2026-09-29 12:57:00,1790701020,TWLO,286.6499938964844,286.6499938964844,286.57000732421875,286.6199951171875,1653
2026-09-29 12:58:00,1790701080,TWLO,286.6050109863281,286.79998779296875,286.6050109863281,286.7099914550781,2966
2026-09-29 12:59:00,1790701140,TWLO,286.7300109863281,286.7900085449219,286.7300109863281,286.7900085449219,764
2026-09-29 13:00:00,1790701200,TWLO,286.7900085449219,286.7900085449219,286.54998779296875,286.54998779296875,7557
2026-09-29 13:01:00,1790701260,TWLO,286.5299987792969,286.5299987792969,286.4599914550781,286.4599914550781,1527
2026-09-29 13:02:00,1790701320,TWLO,286.2699890136719,286.2799987792969,285.82501220703125,285.82501220703125,3200
2026-09-29 13:03:00,1790701380,TWLO,285.7300109863281,285.7300109863281,285.6199951171875,285.6199951171875,2142
2026-09-29 13:04:00,1790701440,TWLO,285.6199951171875,285.7300109863281,285.6099853515625,285.7300109863281,3989
2026-09-29 13:05:00,1790701500,TWLO,285.75,285.8599853515625,285.75,285.760009765625,4481
2026-09-29 13:06:00,1790701560,TWLO,285.9798889160156,285.9800109863281,285.9049987792969,285.9049987792969,3059
2026-09-29 13:07:00,1790701620,TWLO,286.0599060058594,286.0599060058594,285.9049987792969,285.9150085449219,1874
2026-09-29 13:08:00,1790701680,TWLO,285.94000244140625,286.1000061035156,285.8999938964844,286.1000061035156,2215
2026-09-29 13:09:00,1790701740,TWLO,286.04998779296875,287.9599914550781,286.04998779296875,287.8554992675781,24172
2026-09-29 13:10:00,1790701800,TWLO,287.8299865722656,288.5,287.6600036621094,288.5,28790
2026-09-29 13:11:00,1790701860,TWLO,288.30999755859375,289.0899963378906,288.1199951171875,288.57000732421875,16864
2026-09-29 13:12:00,1790701920,TWLO,288.6499938964844,288.95001220703125,288.4100036621094,288.5050048828125,7194
2026-09-29 13:13:00,1790701980,TWLO,288.42498779296875,288.6700134277344,287.8399963378906,288.3103942871094,22569
2026-09-29 13:14:00,1790702040,TWLO,288.4800109863281,290.3800048828125,288.4800109863281,290.3800048828125,13903
2026-09-29 13:15:00,1790702100,TWLO,290.0299987792969,290.3500061035156,289.5899963378906,290.18499755859375,19633
2026-09-29 13:16:00,1790702160,TWLO,290.18499755859375,291.6300048828125,290.07000732421875,291.6300048828125,34297
2026-09-29 13:17:00,1790702220,TWLO,291.510009765625,292.1000061035156,291.44000244140625,291.55499267578125,41549
2026-09-29 13:18:00,1790702280,TWLO,291.55499267578125,291.55999755859375,291.0150146484375,291.0150146484375,7374
2026-09-29 13:19:00,1790702340,TWLO,291.0150146484375,291.7174987792969,290.5899963378906,291.68499755859375,21938
2026-09-29 13:20:00,1790702400,TWLO,291.68499755859375,292.32501220703125,291.239990234375,292.17498779296875,11711
2026-09-29 13:21:00,1790702460,TWLO,292.3299865722656,292.3900146484375,291.79998779296875,292.0050048828125,13184
2026-09-29 13:22:00,1790702520,TWLO,292.1000061035156,292.2799987792969,291.75,291.7950134277344,15738
2026-09-29 13:23:00,1790702580,TWLO,291.4100036621094,292.69000244140625,290.2900085449219,291.7799987792969,43139
2026-09-29 13:24:00,1790702640,TWLO,291.760009765625,292.1199951171875,291.54010009765625,292.1199951171875,3471
2026-09-29 13:25:00,1790702700,TWLO,292.114990234375,292.3599853515625,291.239990234375,291.44000244140625,12048
2026-09-29 13:26:00,1790702760,TWLO,291.6499938964844,291.67999267578125,291.2325134277344,291.67999267578125,1995
2026-09-29 13:27:00,1790702820,TWLO,291.4599914550781,291.4599914550781,290.3800048828125,290.4800109863281,21201
2026-09-29 13:28:00,1790702880,TWLO,290.4649963378906,290.7099914550781,290.20001220703125,290.20001220703125,6393
2026-09-29 13:29:00,1790702940,TWLO,290.2550048828125,290.6000061035156,289.57000732421875,290.0,23420
2026-09-29 13:30:00,1790703000,TWLO,289.8599853515625,290.625,289.8599853515625,290.0899963378906,7983
2026-09-29 13:31:00,1790703060,TWLO,290.04998779296875,290.04998779296875,290.04998779296875,290.04998779296875,6317
2026-09-29 13:32:00,1790703120,TWLO,290.0899963378906,290.6300048828125,289.260009765625,290.5199890136719,14613
2026-09-29 13:33:00,1790703180,TWLO,290.5199890136719,290.760009765625,290.45001220703125,290.7300109863281,5961
2026-09-29 13:34:00,1790703240,TWLO,290.7900085449219,290.79998779296875,290.29998779296875,290.4700012207031,7630
2026-09-29 13:35:00,1790703300,TWLO,290.44000244140625,290.4599914550781,290.44000244140625,290.4599914550781,1480
2026-09-29 13:36:00,1790703360,TWLO,290.4700012207031,290.4700012207031,290.44000244140625,290.44500732421875,3452
2026-09-29 13:37:00,1790703420,TWLO,290.7200012207031,290.95001220703125,290.5899963378906,290.8500061035156,4457
2026-09-29 13:38:00,1790703480,TWLO,290.8500061035156,291.9100036621094,290.8500061035156,291.4150085449219,10752
2026-09-29 13:39:00,1790703540,TWLO,291.42498779296875,291.42498779296875,290.42999267578125,290.42999267578125,6496
2026-09-29 13:40:00,1790703600,TWLO,290.3500061035156,290.3500061035156,289.9100036621094,290.25,4214
2026-09-29 13:41:00,1790703660,TWLO,290.3900146484375,290.3900146484375,290.364990234375,290.364990234375,1001
2026-09-29 13:42:00,1790703720,TWLO,290.3699951171875,290.3699951171875,290.1499938964844,290.1650085449219,2536
2026-09-29 13:43:00,1790703780,TWLO,290.0,290.176513671875,290.0,290.125,3119
2026-09-29 13:44:00,1790703840,TWLO,290.1199951171875,290.6600036621094,290.1199951171875,290.44000244140625,7017
2026-09-29 13:45:00,1790703900,TWLO,290.44000244140625,290.4599914550781,289.82000732421875,290.1700134277344,5126
2026-09-29 13:46:00,1790703960,TWLO,289.8999938964844,289.94000244140625,289.8800048828125,289.94000244140625,1576
2026-09-29 13:47:00,1790704020,TWLO,290.1000061035156,290.55999755859375,290.04998779296875,290.55999755859375,2619
2026-09-29 13:48:00,1790704080,TWLO,289.9200134277344,289.92999267578125,288.9700012207031,289.6199951171875,8648
2026-09-29 13:49:00,1790704140,TWLO,290.07000732421875,290.2449951171875,290.010009765625,290.2300109863281,5801
2026-09-29 13:50:00,1790704200,TWLO,290.1099853515625,290.25,289.8599853515625,289.8599853515625,2680
2026-09-29 13:51:00,1790704260,TWLO,289.7049865722656,289.7049865722656,289.5400085449219,289.5400085449219,1439
2026-09-29 13:52:00,1790704320,TWLO,289.6300048828125,289.6300048828125,289.5849914550781,289.5849914550781,844
2026-09-29 13:53:00,1790704380,TWLO,289.5849914550781,289.5849914550781,289.3399963378906,289.3399963378906,2840
2026-09-29 13:54:00,1790704440,TWLO,289.30999755859375,289.30999755859375,289.17999267578125,289.20159912109375,1824
2026-09-29 13:55:00,1790704500,TWLO,289.1199951171875,289.6300048828125,289.1199951171875,289.5799865722656,4075
2026-09-29 13:56:00,1790704560,TWLO,289.5199890136719,289.5199890136719,288.7099914550781,288.8599853515625,10779
2026-09-29 13:57:00,1790704620,TWLO,289.0299987792969,289.19000244140625,288.70001220703125,289.0,12454
2026-09-29 13:58:00,1790704680,TWLO,289.3399963378906,289.5299987792969,289.2950134277344,289.3299865722656,4517
2026-09-29 13:59:00,1790704740,TWLO,289.3399963378906,289.510009765625,289.32598876953125,289.42999267578125,1460
2026-09-29 14:00:00,1790704800,TWLO,289.55999755859375,289.7300109863281,289.0799865722656,289.2049865722656,12666
2026-09-29 14:01:00,1790704860,TWLO,289.2349853515625,289.2449951171875,288.9700012207031,289.0,4979
2026-09-29 14:02:00,1790704920,TWLO,288.8800048828125,288.8800048828125,288.03009033203125,288.03009033203125,4981
2026-09-29 14:03:00,1790704980,TWLO,288.19000244140625,288.6400146484375,288.0849914550781,288.4849853515625,4278
2026-09-29 14:04:00,1790705040,TWLO,288.32000732421875,288.6499938964844,288.32000732421875,288.6099853515625,2561
2026-09-29 14:05:00,1790705100,TWLO,288.5400085449219,288.70001220703125,288.42498779296875,288.70001220703125,3966
2026-09-29 14:06:00,1790705160,TWLO,288.44000244140625,288.92999267578125,288.4200134277344,288.69000244140625,5218
2026-09-29 14:07:00,1790705220,TWLO,288.989990234375,289.04998779296875,288.8900146484375,289.04998779296875,2080
2026-09-29 14:08:00,1790705280,TWLO,289.125,289.125,289.1050109863281,289.1199951171875,3373
2026-09-29 14:09:00,1790705340,TWLO,289.1199951171875,289.3699951171875,289.1199951171875,289.2650146484375,4365
2026-09-29 14:10:00,1790705400,TWLO,289.2650146484375,289.2650146484375,288.9100036621094,288.9100036621094,2349
2026-09-29 14:11:00,1790705460,TWLO,289.17498779296875,289.17498779296875,289.17498779296875,289.17498779296875,632
2026-09-29 14:12:00,1790705520,TWLO,289.0050048828125,289.0050048828125,288.82000732421875,288.9700012207031,3425
2026-09-29 14:13:00,1790705580,TWLO,289.1600036621094,289.17999267578125,288.80999755859375,288.82000732421875,4016
2026-09-29 14:14:00,1790705640,TWLO,288.6099853515625,288.6099853515625,288.3599853515625,288.5400085449219,4615
2026-09-29 14:15:00,1790705700,TWLO,288.5400085449219,288.5450134277344,288.489990234375,288.5299987792969,2320
2026-09-29 14:16:00,1790705760,TWLO,288.5299987792969,288.5299987792969,287.80999755859375,287.80999755859375,9189
2026-09-29 14:17:00,1790705820,TWLO,287.79998779296875,288.1700134277344,287.7900085449219,288.1700134277344,5584
2026-09-29 14:18:00,1790705880,TWLO,288.1449890136719,288.1499938964844,287.80999755859375,287.9200134277344,6336
2026-09-29 14:19:00,1790705940,TWLO,287.9200134277344,287.9800109863281,287.8550109863281,287.9800109863281,3511
2026-09-29 14:20:00,1790706000,TWLO,288.1600036621094,288.25,288.1000061035156,288.1050109863281,4878
2026-09-29 14:21:00,1790706060,TWLO,288.260009765625,288.30999755859375,288.17999267578125,288.20001220703125,5063
2026-09-29 14:22:00,1790706120,TWLO,288.20001220703125,288.45001220703125,288.20001220703125,288.375,2978
2026-09-29 14:23:00,1790706180,TWLO,288.3800048828125,288.5,288.2200012207031,288.32000732421875,3994
2026-09-29 14:24:00,1790706240,TWLO,288.17999267578125,288.5,287.2900085449219,287.8299865722656,30550
2026-09-29 14:25:00,1790706300,TWLO,287.7699890136719,288.57000732421875,287.7699890136719,288.5224914550781,5895
2026-09-29 14:26:00,1790706360,TWLO,288.8500061035156,289.30999755859375,288.8500061035156,289.260009765625,5567
2026-09-29 14:27:00,1790706420,TWLO,289.04998779296875,289.42999267578125,288.989990234375,289.19500732421875,6650
2026-09-29 14:28:00,1790706480,TWLO,289.2200012207031,289.7598876953125,289.2200012207031,289.7598876953125,14300
2026-09-29 14:29:00,1790706540,TWLO,289.2900085449219,289.2900085449219,288.42999267578125,288.42999267578125,3941
2026-09-29 14:30:00,1790706600,TWLO,288.3599853515625,288.55999755859375,288.3599853515625,288.3599853515625,1914
2026-09-29 14:31:00,1790706660,TWLO,288.3599853515625,288.5299987792969,288.3599853515625,288.510009765625,2279
2026-09-29 14:32:00,1790706720,TWLO,288.5150146484375,288.5299987792969,288.510009765625,288.5199890136719,3557
2026-09-29 14:33:00,1790706780,TWLO,288.5274963378906,288.5274963378906,288.0199890136719,288.1050109863281,6818
2026-09-29 14:34:00,1790706840,TWLO,288.1050109863281,288.5199890136719,288.1050109863281,288.4599914550781,2633
2026-09-29 14:35:00,1790706900,TWLO,288.69000244140625,288.70001220703125,288.48748779296875,288.68890380859375,2472
2026-09-29 14:36:00,1790706960,TWLO,288.75,288.7900085449219,288.6499938964844,288.6499938964844,7611
2026-09-29 14:37:00,1790707020,TWLO,288.45001220703125,288.45001220703125,288.07000732421875,288.0950012207031,3878
2026-09-29 14:38:00,1790707080,TWLO,288.0799865722656,288.20001220703125,287.9599914550781,288.0874938964844,2913
2026-09-29 14:39:00,1790707140,TWLO,287.9599914550781,288.17999267578125,287.80999755859375,288.06500244140625,4466
2026-09-29 14:40:00,1790707200,TWLO,288.2200012207031,288.57000732421875,288.07000732421875,288.17498779296875,3898
2026-09-29 14:41:00,1790707260,TWLO,288.19000244140625,288.4700012207031,288.07000732421875,288.2550048828125,4768
2026-09-29 14:42:00,1790707320,TWLO,288.260009765625,288.29998779296875,288.2200012207031,288.2650146484375,1555
2026-09-29 14:43:00,1790707380,TWLO,288.2974853515625,288.8349914550781,288.2974853515625,288.45001220703125,5003
2026-09-29 14:44:00,1790707440,TWLO,288.5899963378906,288.5899963378906,288.239990234375,288.5150146484375,4963
2026-09-29 14:45:00,1790707500,TWLO,288.29998779296875,288.44000244140625,288.0799865722656,288.44000244140625,2538
2026-09-29 14:46:00,1790707560,TWLO,288.43499755859375,288.94000244140625,288.43499755859375,288.57000732421875,10517
2026-09-29 14:47:00,1790707620,TWLO,288.9198913574219,288.9198913574219,288.7749938964844,288.7799987792969,2877
2026-09-29 14:48:00,1790707680,TWLO,288.510009765625,288.5950012207031,288.5,288.5950012207031,1631
2026-09-29 14:49:00,1790707740,TWLO,288.70001220703125,288.7300109863281,288.44000244140625,288.44000244140625,2330
2026-09-29 14:50:00,1790707800,TWLO,288.2799987792969,288.31500244140625,287.7699890136719,287.8550109863281,6730
2026-09-29 14:51:00,1790707860,TWLO,287.8299865722656,287.9800109863281,287.8299865722656,287.8550109863281,2223
2026-09-29 14:52:00,1790707920,TWLO,287.8800048828125,287.9100036621094,287.8299865722656,287.8550109863281,4307
2026-09-29 14:53:00,1790707980,TWLO,287.70001220703125,287.70001220703125,287.3900146484375,287.55999755859375,4241
2026-09-29 14:54:00,1790708040,TWLO,287.55999755859375,287.55999755859375,286.9599914550781,286.96099853515625,3892
2026-09-29 14:55:00,1790708100,TWLO,286.9599914550781,287.0299987792969,286.7799987792969,287.0,4540
2026-09-29 14:56:00,1790708160,TWLO,287.0400085449219,287.2900085449219,286.95001220703125,286.9549865722656,4980
2026-09-29 14:57:00,1790708220,TWLO,286.8399963378906,287.20001220703125,286.8399963378906,287.20001220703125,3101
2026-09-29 14:58:00,1790708280,TWLO,287.17999267578125,287.17999267578125,286.9800109863281,286.9800109863281,3421
2026-09-29 14:59:00,1790708340,TWLO,287.2200012207031,287.32000732421875,287.17498779296875,287.17999267578125,8314
2026-09-29 15:00:00,1790708400,TWLO,287.1650085449219,287.3999938964844,287.01141357421875,287.3299865722656,5340
2026-09-29 15:01:00,1790708460,TWLO,287.44000244140625,287.5199890136719,287.42999267578125,287.5199890136719,1860
2026-09-29 15:02:00,1790708520,TWLO,287.5249938964844,287.739990234375,287.5199890136719,287.69000244140625,3615
2026-09-29 15:03:00,1790708580,TWLO,287.67999267578125,288.1300048828125,287.67999267578125,287.93499755859375,7470
2026-09-29 15:04:00,1790708640,TWLO,287.9700012207031,288.260009765625,287.760009765625,288.0950012207031,9270
2026-09-29 15:05:00,1790708700,TWLO,288.2699890136719,288.6300048828125,288.2699890136719,288.6300048828125,2306
2026-09-29 15:06:00,1790708760,TWLO,288.57501220703125,288.6099853515625,288.239990234375,288.3450012207031,7216
2026-09-29 15:07:00,1790708820,TWLO,288.3299865722656,288.3299865722656,288.3299865722656,288.3299865722656,1935
2026-09-29 15:08:00,1790708880,TWLO,288.25,288.4700012207031,288.19000244140625,288.42999267578125,4874
2026-09-29 15:09:00,1790708940,TWLO,288.42498779296875,288.42999267578125,288.42498779296875,288.42498779296875,1233
2026-09-29 15:10:00,1790709000,TWLO,288.44000244140625,288.79998779296875,288.44000244140625,288.6700134277344,3855
2026-09-29 15:11:00,1790709060,TWLO,288.5,288.8299865722656,288.5,288.6700134277344,3158
2026-09-29 15:12:00,1790709120,TWLO,288.7900085449219,288.8299865722656,288.5,288.6300048828125,3388
2026-09-29 15:13:00,1790709180,TWLO,288.4800109863281,288.635009765625,288.4200134277344,288.510009765625,2558
2026-09-29 15:14:00,1790709240,TWLO,288.6199951171875,288.6199951171875,288.5199890136719,288.5799865722656,2296
2026-09-29 15:15:00,1790709300,TWLO,288.4599914550781,288.489990234375,288.30999755859375,288.4150085449219,4862
2026-09-29 15:16:00,1790709360,TWLO,288.260009765625,288.7349853515625,288.2099914550781,288.7300109863281,5574
2026-09-29 15:17:00,1790709420,TWLO,288.7300109863281,288.8599853515625,288.7225036621094,288.7449951171875,5995
2026-09-29 15:18:00,1790709480,TWLO,288.7449951171875,288.94000244140625,288.7449951171875,288.94000244140625,4207
2026-09-29 15:19:00,1790709540,TWLO,288.8500061035156,289.3500061035156,288.8500061035156,289.2049865722656,8731
2026-09-29 15:20:00,1790709600,TWLO,289.2550048828125,289.2550048828125,288.9750061035156,288.9750061035156,3270
2026-09-29 15:21:00,1790709660,TWLO,288.9750061035156,289.5799865722656,288.9750061035156,289.43499755859375,4368
2026-09-29 15:22:00,1790709720,TWLO,289.42999267578125,289.75,289.2900085449219,289.6824951171875,17862
2026-09-29 15:23:00,1790709780,TWLO,289.79998779296875,290.0899963378906,289.79998779296875,289.95001220703125,14669
2026-09-29 15:24:00,1790709840,TWLO,289.95001220703125,290.07000732421875,289.94000244140625,289.94000244140625,1667
2026-09-29 15:25:00,1790709900,TWLO,290.07000732421875,290.5299987792969,290.07000732421875,290.4649963378906,6388
2026-09-29 15:26:00,1790709960,TWLO,290.4750061035156,290.8900146484375,290.4750061035156,290.7449951171875,6449
2026-09-29 15:27:00,1790710020,TWLO,290.760009765625,290.94000244140625,290.760009765625,290.7900085449219,3036
2026-09-29 15:28:00,1790710080,TWLO,290.7900085449219,290.94000244140625,290.6000061035156,290.69500732421875,13624
2026-09-29 15:29:00,1790710140,TWLO,290.6700134277344,290.7200012207031,290.3999938964844,290.6549987792969,13536
2026-09-29 15:30:00,1790710200,TWLO,290.4599914550781,290.6000061035156,290.3999938964844,290.4800109863281,6437
2026-09-29 15:31:00,1790710260,TWLO,290.4800109863281,291.0150146484375,290.4800109863281,290.6449890136719,15971
2026-09-29 15:32:00,1790710320,TWLO,290.69500732421875,290.8999938964844,290.6600036621094,290.8399963378906,2720
2026-09-29 15:33:00,1790710380,TWLO,290.8399963378906,290.9200134277344,290.8399963378906,290.8900146484375,4104
2026-09-29 15:34:00,1790710440,TWLO,290.760009765625,290.80499267578125,290.2200012207031,290.42999267578125,13443
2026-09-29 15:35:00,1790710500,TWLO,290.4200134277344,290.44000244140625,290.2799987792969,290.42999267578125,7874
2026-09-29 15:36:00,1790710560,TWLO,290.30999755859375,290.42498779296875,289.82000732421875,289.9150085449219,15592
2026-09-29 15:37:00,1790710620,TWLO,289.7699890136719,289.8501892089844,289.6000061035156,289.6099853515625,4969
2026-09-29 15:38:00,1790710680,TWLO,289.67498779296875,290.1700134277344,289.67498779296875,290.1650085449219,8663
2026-09-29 15:39:00,1790710740,TWLO,290.1575012207031,290.29998779296875,289.8699951171875,290.05499267578125,7657
2026-09-29 15:40:00,1790710800,TWLO,290.05499267578125,290.05499267578125,290.04998779296875,290.04998779296875,1944
2026-09-29 15:41:00,1790710860,TWLO,290.04998779296875,290.1499938964844,290.0249938964844,290.0249938964844,6674
2026-09-29 15:42:00,1790710920,TWLO,290.04998779296875,290.1499938964844,290.0199890136719,290.04998779296875,9477
2026-09-29 15:43:00,1790710980,TWLO,290.010009765625,290.04998779296875,289.4800109863281,289.6700134277344,14513
2026-09-29 15:44:00,1790711040,TWLO,289.6700134277344,289.9700012207031,289.6600036621094,289.8800048828125,20497
2026-09-29 15:45:00,1790711100,TWLO,289.82000732421875,290.010009765625,289.79998779296875,290.010009765625,8194
2026-09-29 15:46:00,1790711160,TWLO,289.8900146484375,290.2900085449219,289.69000244140625,290.2900085449219,26800
2026-09-29 15:47:00,1790711220,TWLO,290.29998779296875,290.6400146484375,290.2799987792969,290.6400146484375,7944
2026-09-29 15:48:00,1790711280,TWLO,290.510009765625,290.70001220703125,290.3599853515625,290.4049987792969,4500
2026-09-29 15:49:00,1790711340,TWLO,290.2550048828125,290.3599853515625,290.07501220703125,290.07501220703125,7582
2026-09-29 15:50:00,1790711400,TWLO,290.2799987792969,290.69000244140625,290.2349853515625,290.375,9645
2026-09-29 15:51:00,1790711460,TWLO,290.364990234375,291.3800048828125,290.2900085449219,290.6099853515625,21160
2026-09-29 15:52:00,1790711520,TWLO,290.6099853515625,290.6899108886719,290.2049865722656,290.2099914550781,11786
2026-09-29 15:53:00,1790711580,TWLO,290.2900085449219,290.3299865722656,290.04998779296875,290.1000061035156,10455
2026-09-29 15:54:00,1790711640,TWLO,290.1050109863281,290.3399963378906,290.0199890136719,290.3299865722656,14266
2026-09-29 15:55:00,1790711700,TWLO,290.3299865722656,290.3299865722656,290.0199890136719,290.0299987792969,16816
2026-09-29 15:56:00,1790711760,TWLO,290.0299987792969,290.2200012207031,289.3999938964844,289.45001220703125,19289
2026-09-29 15:57:00,1790711820,TWLO,289.5199890136719,289.6300048828125,288.8900146484375,289.260009765625,28515
2026-09-29 15:58:00,1790711880,TWLO,289.29998779296875,291.04998779296875,289.1300048828125,291.04998779296875,102603
2026-09-29 15:59:00,1790711940,TWLO,290.9700012207031,291.1600036621094,290.6499938964844,290.80499267578125,90516
2026-09-29 16:00:00,1790712000,TWLO,290.7799987792969,290.7799987792969,290.7799987792969,290.7799987792969,0
2026-09-30 09:30:00,1790775000,TWLO,291.54998779296875,292.0150146484375,291.3399963378906,292.0050048828125,25246
2026-09-30 09:31:00,1790775060,TWLO,292.0150146484375,294.0,292.0050048828125,293.3550109863281,4824
2026-09-30 09:32:00,1790775120,TWLO,292.1000061035156,294.8399963378906,292.1000061035156,293.94000244140625,12046
2026-09-30 09:33:00,1790775180,TWLO,293.94000244140625,296.54998779296875,293.94000244140625,296.177490234375,11924
2026-09-30 09:34:00,1790775240,TWLO,296.20001220703125,297.2200012207031,294.9324951171875,294.9849853515625,7548
2026-09-30 09:35:00,1790775300,TWLO,294.989990234375,295.55999755859375,293.7799987792969,294.8900146484375,16469
2026-09-30 09:36:00,1790775360,TWLO,295.1400146484375,298.0,295.1400146484375,297.45001220703125,14980
2026-09-30 09:37:00,1790775420,TWLO,297.489990234375,298.1650085449219,296.9549865722656,298.1650085449219,5820
2026-09-30 09:38:00,1790775480,TWLO,297.79998779296875,298.07000732421875,297.1875,297.45001220703125,3246
2026-09-30 09:39:00,1790775540,TWLO,297.92999267578125,297.94000244140625,296.3999938964844,296.4100036621094,4181
2026-09-30 09:40:00,1790775600,TWLO,296.260009765625,296.5299987792969,292.6300048828125,293.7250061035156,9428
2026-09-30 09:41:00,1790775660,TWLO,293.7250061035156,294.0957946777344,292.6300048828125,293.0199890136719,7227
2026-09-30 09:42:00,1790775720,TWLO,293.45001220703125,296.0299072265625,292.9599914550781,296.0299072265625,8774
2026-09-30 09:43:00,1790775780,TWLO,295.0,295.4700012207031,293.95001220703125,294.010009765625,3656
2026-09-30 09:44:00,1790775840,TWLO,294.010009765625,294.010009765625,291.4800109863281,292.0899963378906,7736
2026-09-30 09:45:00,1790775900,TWLO,292.4849853515625,293.8399963378906,291.9049987792969,291.9049987792969,9028
2026-09-30 09:46:00,1790775960,TWLO,291.9049987792969,292.2900085449219,291.4800109863281,291.4849853515625,5094
2026-09-30 09:47:00,1790776020,TWLO,291.4200134277344,291.4200134277344,289.8182067871094,290.9800109863281,4855
2026-09-30 09:48:00,1790776080,TWLO,289.95001220703125,291.260009765625,289.80499267578125,290.57000732421875,7429
2026-09-30 09:49:00,1790776140,TWLO,290.0199890136719,291.4049987792969,290.0199890136719,291.3999938964844,8021
2026-09-30 09:50:00,1790776200,TWLO,291.3999938964844,291.3999938964844,290.7890930175781,291.37750244140625,3343
2026-09-30 09:51:00,1790776260,TWLO,292.4800109863281,293.5766906738281,292.039794921875,292.875,8063
2026-09-30 09:52:00,1790776320,TWLO,292.9750061035156,292.9750061035156,290.2300109863281,290.7699890136719,16192
2026-09-30 09:53:00,1790776380,TWLO,290.7650146484375,291.3399963378906,290.17999267578125,290.19000244140625,4137
2026-09-30 09:54:00,1790776440,TWLO,290.7349853515625,292.3349914550781,290.7300109863281,292.3299865722656,10690
2026-09-30 09:55:00,1790776500,TWLO,292.3299865722656,292.95989990234375,291.9200134277344,292.1199951171875,6060
2026-09-30 09:56:00,1790776560,TWLO,292.1499938964844,293.25,292.1199951171875,292.61749267578125,5902
2026-09-30 09:57:00,1790776620,TWLO,292.6199951171875,293.0,292.3599853515625,292.8500061035156,7773
2026-09-30 09:58:00,1790776680,TWLO,292.4649963378906,292.79998779296875,291.8900146484375,291.9809875488281,22045
2026-09-30 09:59:00,1790776740,TWLO,292.2200012207031,292.80999755859375,292.20001220703125,292.3999938964844,11090
2026-09-30 10:00:00,1790776800,TWLO,292.82000732421875,292.82000732421875,291.4970397949219,291.760009765625,8721
2026-09-30 10:01:00,1790776860,TWLO,291.760009765625,291.9800109863281,290.9800109863281,291.79998779296875,6204
2026-09-30 10:02:00,1790776920,TWLO,291.92999267578125,293.4599914550781,291.5740051269531,292.760009765625,6291
2026-09-30 10:03:00,1790776980,TWLO,292.7650146484375,292.94000244140625,291.9599914550781,292.3699951171875,5182
2026-09-30 10:04:00,1790777040,TWLO,292.364990234375,292.364990234375,290.90008544921875,290.90008544921875,3331
2026-09-30 10:05:00,1790777100,TWLO,291.510009765625,291.5150146484375,290.2799987792969,290.7200012207031,7473
2026-09-30 10:06:00,1790777160,TWLO,290.6000061035156,291.1499938964844,290.2200012207031,290.7174987792969,6518
2026-09-30 10:07:00,1790777220,TWLO,290.7099914550781,290.92498779296875,290.3299865722656,290.3299865722656,3172
2026-09-30 10:08:00,1790777280,TWLO,290.5350036621094,290.69000244140625,290.2650146484375,290.69000244140625,4192
2026-09-30 10:09:00,1790777340,TWLO,290.5950012207031,290.6400146484375,290.2200927734375,290.5799865722656,3718
2026-09-30 10:10:00,1790777400,TWLO,290.5849914550781,290.6239929199219,290.5799865722656,290.6099853515625,2385
2026-09-30 10:11:00,1790777460,TWLO,290.6099853515625,290.92999267578125,290.2900085449219,290.2900085449219,6844
2026-09-30 10:12:00,1790777520,TWLO,290.6099853515625,290.7699890136719,289.6307067871094,289.9200134277344,13883
2026-09-30 10:13:00,1790777580,TWLO,289.67498779296875,290.2699890136719,289.2452087402344,290.25,23926
2026-09-30 10:14:00,1790777640,TWLO,289.80999755859375,290.8374938964844,289.80999755859375,290.82000732421875,3510
2026-09-30 10:15:00,1790777700,TWLO,291.1600036621094,291.3599853515625,290.8500061035156,291.06500244140625,4362
2026-09-30 10:16:00,1790777760,TWLO,290.7900085449219,291.3699951171875,290.7900085449219,291.0,8698
2026-09-30 10:17:00,1790777820,TWLO,291.0,291.1099853515625,290.7900085449219,291.0199890136719,2726
2026-09-30 10:18:00,1790777880,TWLO,290.864990234375,291.4700012207031,290.70001220703125,291.1199951171875,14745
2026-09-30 10:19:00,1790777940,TWLO,291.1650085449219,292.2850036621094,291.1650085449219,292.2850036621094,7160
2026-09-30 10:20:00,1790778000,TWLO,292.2850036621094,292.6000061035156,292.1000061035156,292.5849914550781,1994
2026-09-30 10:21:00,1790778060,TWLO,292.5799865722656,292.61810302734375,291.9200134277344,292.2950134277344,7430
2026-09-30 10:22:00,1790778120,TWLO,292.2900085449219,292.2900085449219,292.2149963378906,292.2200012207031,2354
2026-09-30 10:23:00,1790778180,TWLO,292.2300109863281,292.239990234375,292.2225036621094,292.2250061035156,1888
2026-09-30 10:24:00,1790778240,TWLO,292.2200012207031,292.2250061035156,291.3399963378906,291.3699951171875,5574
2026-09-30 10:25:00,1790778300,TWLO,291.3699951171875,291.6400146484375,291.0249938964844,291.0299987792969,8769
2026-09-30 10:26:00,1790778360,TWLO,291.2699890136719,291.8900146484375,291.2699890136719,291.4800109863281,3400
2026-09-30 10:27:00,1790778420,TWLO,291.5150146484375,292.2099914550781,291.0450134277344,292.0299987792969,20288
2026-09-30 10:28:00,1790778480,TWLO,291.9200134277344,292.0,291.82000732421875,292.0,9509
2026-09-30 10:29:00,1790778540,TWLO,292.44000244140625,292.44000244140625,292.0,292.17498779296875,12262
2026-09-30 10:30:00,1790778600,TWLO,292.8500061035156,292.9100036621094,292.8500061035156,292.8900146484375,2720
2026-09-30 10:31:00,1790778660,TWLO,292.864990234375,292.864990234375,291.70001220703125,291.7875061035156,9758
2026-09-30 10:32:00,1790778720,TWLO,291.7850036621094,292.6300048828125,291.7850036621094,292.55999755859375,5580
2026-09-30 10:33:00,1790778780,TWLO,292.2300109863281,292.43499755859375,291.42999267578125,291.42999267578125,3163
2026-09-30 10:34:00,1790778840,TWLO,291.9100036621094,293.44989013671875,291.44000244140625,292.5,8504
2026-09-30 10:35:00,1790778900,TWLO,292.5,293.69989013671875,291.54998779296875,292.6199951171875,11928
2026-09-30 10:36:00,1790778960,TWLO,292.6650085449219,293.94000244140625,292.1401062011719,293.1449890136719,9623
2026-09-30 10:37:00,1790779020,TWLO,293.2699890136719,293.45001220703125,293.2250061035156,293.2250061035156,3270
2026-09-30 10:38:00,1790779080,TWLO,293.2200012207031,293.4700012207031,293.0299987792969,293.06500244140625,4122
2026-09-30 10:39:00,1790779140,TWLO,293.32000732421875,294.79998779296875,293.32000732421875,294.1300048828125,12637
2026-09-30 10:40:00,1790779200,TWLO,294.1300048828125,294.80999755859375,293.4200134277344,294.239990234375,7849
2026-09-30 10:41:00,1790779260,TWLO,294.1449890136719,294.1449890136719,293.510009765625,293.6400146484375,2053
2026-09-30 10:42:00,1790779320,TWLO,293.7049865722656,293.7049865722656,293.68499755859375,293.68499755859375,1354
2026-09-30 10:43:00,1790779380,TWLO,293.6549987792969,293.6549987792969,293.0,293.5299072265625,7343
2026-09-30 10:44:00,1790779440,TWLO,293.7149963378906,293.7149963378906,293.1322021484375,293.3699951171875,1676
2026-09-30 10:45:00,1790779500,TWLO,293.3699951171875,293.375,292.9200134277344,293.375,1590
2026-09-30 10:46:00,1790779560,TWLO,293.375,294.4100036621094,293.375,294.239990234375,6412
2026-09-30 10:47:00,1790779620,TWLO,294.2449951171875,294.2749938964844,294.239990234375,294.2749938964844,2126
2026-09-30 10:48:00,1790779680,TWLO,294.32000732421875,294.32000732421875,293.8399963378906,294.1099853515625,1866
2026-09-30 10:49:00,1790779740,TWLO,294.1000061035156,294.1000061035156,293.1099853515625,293.94000244140625,8888
2026-09-30 10:50:00,1790779800,TWLO,294.19000244140625,294.2049865722656,294.1650085449219,294.2049865722656,1371
2026-09-30 10:51:00,1790779860,TWLO,294.19500732421875,295.0,294.06500244140625,294.95001220703125,6573
2026-09-30 10:52:00,1790779920,TWLO,294.95001220703125,294.95001220703125,294.2900085449219,294.6000061035156,3196
2026-09-30 10:53:00,1790779980,TWLO,294.4200134277344,294.6000061035156,294.4200134277344,294.5350036621094,2558
2026-09-30 10:54:00,1790780040,TWLO,294.5350036621094,294.739990234375,294.3800048828125,294.510009765625,9916
2026-09-30 10:55:00,1790780100,TWLO,294.36248779296875,295.2049865722656,294.0899963378906,295.0400085449219,26408
2026-09-30 10:56:00,1790780160,TWLO,295.010009765625,295.32000732421875,294.885009765625,295.0,3379
2026-09-30 10:57:00,1790780220,TWLO,295.32000732421875,295.3299865722656,295.0799865722656,295.0799865722656,2309
2026-09-30 10:58:00,1790780280,TWLO,295.07000732421875,295.1199951171875,294.82000732421875,295.05999755859375,4619
2026-09-30 10:59:00,1790780340,TWLO,295.04998779296875,295.68499755859375,295.0,295.68499755859375,7321
2026-09-30 11:00:00,1790780400,TWLO,295.4750061035156,295.4750061035156,294.714599609375,294.9849853515625,9098
2026-09-30 11:01:00,1790780460,TWLO,294.9750061035156,295.6499938964844,294.9750061035156,295.6499938964844,4210
2026-09-30 11:02:00,1790780520,TWLO,295.17999267578125,295.17999267578125,294.7799987792969,294.7799987792969,1477
2026-09-30 11:03:00,1790780580,TWLO,295.1300048828125,295.1499938964844,294.80999755859375,295.1099853515625,8089
2026-09-30 11:04:00,1790780640,TWLO,295.1099853515625,295.1099853515625,294.5350036621094,294.56500244140625,8658
2026-09-30 11:05:00,1790780700,TWLO,294.80999755859375,295.0199890136719,294.510009765625,295.0199890136719,7738
2026-09-30 11:06:00,1790780760,TWLO,295.0199890136719,295.0199890136719,294.8999938964844,294.8999938964844,1956
2026-09-30 11:07:00,1790780820,TWLO,294.8999938964844,295.1300048828125,294.2900085449219,294.3500061035156,4700
2026-09-30 11:08:00,1790780880,TWLO,294.3500061035156,294.8800048828125,294.05828857421875,294.56500244140625,6167
2026-09-30 11:09:00,1790780940,TWLO,294.7699890136719,294.8999938964844,294.7699890136719,294.8900146484375,2496
2026-09-30 11:10:00,1790781000,TWLO,294.8900146484375,294.9800109863281,294.6199951171875,294.9800109863281,2890
2026-09-30 11:11:00,1790781060,TWLO,295.1000061035156,295.30999755859375,294.8999938964844,294.9849853515625,4667
2026-09-30 11:12:00,1790781120,TWLO,294.9800109863281,295.2499084472656,294.7099914550781,294.80999755859375,3776
2026-09-30 11:13:00,1790781180,TWLO,294.9750061035156,295.3800048828125,294.9750061035156,295.07501220703125,7364
2026-09-30 11:14:00,1790781240,TWLO,295.07000732421875,295.07000732421875,294.7300109863281,294.989990234375,4165
2026-09-30 11:15:00,1790781300,TWLO,294.7200012207031,295.0199890136719,294.7200012207031,294.7200012207031,6146
2026-09-30 11:16:00,1790781360,TWLO,295.0150146484375,295.0799865722656,294.7099914550781,294.760009765625,3940
2026-09-30 11:17:00,1790781420,TWLO,294.7099914550781,294.9849853515625,294.29998779296875,294.3800048828125,7377
2026-09-30 11:18:00,1790781480,TWLO,294.5199890136719,294.5299987792969,294.29998779296875,294.32000732421875,4384
2026-09-30 11:19:00,1790781540,TWLO,294.30999755859375,294.510009765625,294.1199951171875,294.239990234375,11807
2026-09-30 11:20:00,1790781600,TWLO,294.239990234375,294.239990234375,293.7099914550781,293.7099914550781,14916
2026-09-30 11:21:00,1790781660,TWLO,293.92498779296875,293.92498779296875,293.5299987792969,293.69000244140625,4516
2026-09-30 11:22:00,1790781720,TWLO,293.69000244140625,293.70001220703125,293.2799987792969,293.2900085449219,5746
2026-09-30 11:23:00,1790781780,TWLO,293.2850036621094,293.45001220703125,293.14019775390625,293.3900146484375,5429
2026-09-30 11:24:00,1790781840,TWLO,293.6300048828125,293.7650146484375,293.4200134277344,293.7349853515625,4920
2026-09-30 11:25:00,1790781900,TWLO,293.8999938964844,294.1199951171875,293.7950134277344,294.1199951171875,6636
2026-09-30 11:26:00,1790781960,TWLO,294.114990234375,294.4700012207031,293.95001220703125,293.9949951171875,5380
2026-09-30 11:27:00,1790782020,TWLO,294.114990234375,294.2799987792969,293.5199890136719,293.5400085449219,8162
2026-09-30 11:28:00,1790782080,TWLO,293.5400085449219,293.70001220703125,293.2900085449219,293.2900085449219,3530
2026-09-30 11:29:00,1790782140,TWLO,293.3900146484375,293.3900146484375,292.82000732421875,293.3399963378906,6570
2026-09-30 11:30:00,1790782200,TWLO,293.1199951171875,293.6700134277344,292.8599853515625,293.3500061035156,21630
2026-09-30 11:31:00,1790782260,TWLO,293.260009765625,293.67999267578125,293.07000732421875,293.3599853515625,5961
2026-09-30 11:32:00,1790782320,TWLO,293.07000732421875,293.6400146484375,293.07000732421875,293.375,1788
2026-09-30 11:33:00,1790782380,TWLO,293.3575134277344,293.375,291.8900146484375,292.6099853515625,19803
2026-09-30 11:34:00,1790782440,TWLO,292.614990234375,292.6199035644531,291.7001037597656,291.7001037597656,9578
2026-09-30 11:35:00,1790782500,TWLO,292.114990234375,292.4800109863281,292.0101013183594,292.4800109863281,4322
2026-09-30 11:36:00,1790782560,TWLO,292.4800109863281,293.489990234375,292.375,293.489990234375,10504
2026-09-30 11:37:00,1790782620,TWLO,293.0249938964844,294.05999755859375,292.5899963378906,294.0201110839844,11223
2026-09-30 11:38:00,1790782680,TWLO,294.0199890136719,294.0249938964844,293.0199890136719,293.4100036621094,4966
2026-09-30 11:39:00,1790782740,TWLO,293.4100036621094,293.5199890136719,293.4100036621094,293.5199890136719,921
2026-09-30 11:40:00,1790782800,TWLO,293.5150146484375,294.1600036621094,293.5150146484375,294.1600036621094,7992
2026-09-30 11:41:00,1790782860,TWLO,294.1650085449219,294.92999267578125,294.1650085449219,294.92999267578125,3875
2026-09-30 11:42:00,1790782920,TWLO,294.92999267578125,294.92999267578125,294.5450134277344,294.7699890136719,2375
2026-09-30 11:43:00,1790782980,TWLO,294.79998779296875,294.79998779296875,294.44000244140625,294.510009765625,2758
2026-09-30 11:44:00,1790783040,TWLO,294.7799987792969,294.989990234375,294.2900085449219,294.5509948730469,2399
2026-09-30 11:45:00,1790783100,TWLO,294.54998779296875,294.760009765625,294.1499938964844,294.3299865722656,4427
2026-09-30 11:46:00,1790783160,TWLO,294.1499938964844,294.7200012207031,294.1499938964844,294.489990234375,10507
2026-09-30 11:47:00,1790783220,TWLO,294.42999267578125,294.6199035644531,294.16009521484375,294.6098937988281,3673
2026-09-30 11:48:00,1790783280,TWLO,294.6000061035156,294.8900146484375,294.2699890136719,294.7099914550781,6319
2026-09-30 11:49:00,1790783340,TWLO,294.7200012207031,294.7200012207031,294.32000732421875,294.32000732421875,8405
2026-09-30 11:50:00,1790783400,TWLO,294.2900085449219,294.42498779296875,293.8699951171875,294.3900146484375,9900
2026-09-30 11:51:00,1790783460,TWLO,294.2550048828125,294.2550048828125,293.82000732421875,294.0201110839844,3372
2026-09-30 11:52:00,1790783520,TWLO,294.05499267578125,294.3699951171875,294.05499267578125,294.30999755859375,6137
2026-09-30 11:53:00,1790783580,TWLO,294.3399963378906,294.3699951171875,293.82000732421875,293.9549865722656,4383
2026-09-30 11:54:00,1790783640,TWLO,293.9549865722656,294.389892578125,293.8299865722656,294.1099853515625,7983
2026-09-30 11:55:00,1790783700,TWLO,294.0350036621094,294.0350036621094,293.68011474609375,293.8900146484375,2970
2026-09-30 11:56:00,1790783760,TWLO,293.7799987792969,294.5150146484375,293.7799987792969,294.5150146484375,6065
2026-09-30 11:57:00,1790783820,TWLO,294.5400085449219,295.5249938964844,294.5350036621094,295.5249938964844,7406
2026-09-30 11:58:00,1790783880,TWLO,295.6499938964844,295.6499938964844,295.20001220703125,295.4700012207031,3235
2026-09-30 11:59:00,1790783940,TWLO,295.4750061035156,296.8800048828125,295.4750061035156,296.82000732421875,7056
2026-09-30 12:00:00,1790784000,TWLO,296.6650085449219,296.6650085449219,296.25,296.5450134277344,4852
2026-09-30 12:01:00,1790784060,TWLO,296.760009765625,296.8500061035156,296.625,296.625,2597
2026-09-30 12:02:00,1790784120,TWLO,296.45001220703125,296.7900085449219,296.3500061035156,296.7200012207031,5086
2026-09-30 12:03:00,1790784180,TWLO,296.7900085449219,296.7900085449219,296.25,296.25,3081
2026-09-30 12:04:00,1790784240,TWLO,296.364990234375,296.44000244140625,296.1499938964844,296.3399963378906,2633
2026-09-30 12:05:00,1790784300,TWLO,296.3949890136719,296.3949890136719,296.1499938964844,296.30999755859375,2702
2026-09-30 12:06:00,1790784360,TWLO,296.1199951171875,296.1199951171875,295.54998779296875,295.54998779296875,3655
2026-09-30 12:07:00,1790784420,TWLO,295.6199951171875,296.4100036621094,295.4800109863281,296.4100036621094,7859
2026-09-30 12:08:00,1790784480,TWLO,296.4800109863281,296.5,296.2650146484375,296.44000244140625,6122
2026-09-30 12:09:00,1790784540,TWLO,296.32000732421875,296.32000732421875,295.78009033203125,295.989990234375,4673
2026-09-30 12:10:00,1790784600,TWLO,295.9849853515625,296.1600036621094,295.7799987792969,295.94500732421875,4258
2026-09-30 12:11:00,1790784660,TWLO,296.1600036621094,296.2200012207031,295.8699951171875,296.04998779296875,3883
2026-09-30 12:12:00,1790784720,TWLO,296.04998779296875,296.04998779296875,295.8699951171875,296.0,2445
2026-09-30 12:13:00,1790784780,TWLO,295.9800109863281,296.0050048828125,295.94500732421875,295.94500732421875,1983
2026-09-30 12:14:00,1790784840,TWLO,295.95001220703125,296.1000061035156,295.67999267578125,295.67999267578125,2805
2026-09-30 12:15:00,1790784900,TWLO,295.4800109863281,295.7349853515625,295.4800109863281,295.4800109863281,2197
2026-09-30 12:16:00,1790784960,TWLO,295.5799865722656,296.05999755859375,295.4801025390625,295.8599853515625,5169
2026-09-30 12:17:00,1790785020,TWLO,296.04998779296875,296.05999755859375,295.79998779296875,295.8399963378906,2900
2026-09-30 12:18:00,1790785080,TWLO,295.95001220703125,295.95001220703125,295.510009765625,295.8550109863281,8451
2026-09-30 12:19:00,1790785140,TWLO,295.80999755859375,296.0299987792969,295.802490234375,295.8800048828125,1993
2026-09-30 12:20:00,1790785200,TWLO,296.1000061035156,296.4100036621094,295.6300048828125,295.82501220703125,5387
2026-09-30 12:21:00,1790785260,TWLO,295.6300048828125,296.010009765625,295.4801025390625,296.010009765625,4960
2026-09-30 12:22:00,1790785320,TWLO,295.989990234375,295.989990234375,295.80499267578125,295.8450012207031,2590
2026-09-30 12:23:00,1790785380,TWLO,296.0199890136719,296.05999755859375,295.57000732421875,295.57000732421875,3744
2026-09-30 12:24:00,1790785440,TWLO,295.760009765625,295.760009765625,295.6400146484375,295.6400146484375,1720
2026-09-30 12:25:00,1790785500,TWLO,295.79998779296875,296.05999755859375,295.739990234375,296.0,4885
2026-09-30 12:26:00,1790785560,TWLO,296.07000732421875,296.55999755859375,296.010009765625,296.489990234375,2560
2026-09-30 12:27:00,1790785620,TWLO,296.29998779296875,296.55999755859375,296.260009765625,296.5400085449219,2965
2026-09-30 12:28:00,1790785680,TWLO,296.29998779296875,296.55999755859375,296.29998779296875,296.31500244140625,1673
2026-09-30 12:29:00,1790785740,TWLO,296.30999755859375,296.30999755859375,295.9599914550781,295.9599914550781,2786
2026-09-30 12:30:00,1790785800,TWLO,295.989990234375,296.19000244140625,295.8699951171875,295.8699951171875,6087
2026-09-30 12:31:00,1790785860,TWLO,296.1449890136719,296.4200134277344,295.989990234375,295.989990234375,4974
2026-09-30 12:32:00,1790785920,TWLO,295.989990234375,296.32000732421875,295.989990234375,296.0849914550781,4228
2026-09-30 12:33:00,1790785980,TWLO,296.0849914550781,296.19000244140625,295.7300109863281,295.93499755859375,7498
2026-09-30 12:34:00,1790786040,TWLO,295.7762145996094,295.9800109863281,295.7200012207031,295.9800109863281,3132
2026-09-30 12:35:00,1790786100,TWLO,296.1000061035156,296.1099853515625,295.94000244140625,296.07000732421875,1521
2026-09-30 12:36:00,1790786160,TWLO,295.95001220703125,295.9649963378906,295.2200012207031,295.3949890136719,9858
2026-09-30 12:37:00,1790786220,TWLO,295.3949890136719,295.4200134277344,294.9700012207031,295.19500732421875,5218
2026-09-30 12:38:00,1790786280,TWLO,295.19500732421875,295.2550048828125,294.970703125,295.07000732421875,5232
2026-09-30 12:39:00,1790786340,TWLO,295.2099914550781,295.42999267578125,295.2099914550781,295.260009765625,3526
2026-09-30 12:40:00,1790786400,TWLO,295.260009765625,295.54998779296875,295.0899963378906,295.54998779296875,8586
2026-09-30 12:41:00,1790786460,TWLO,295.55999755859375,295.8900146484375,295.5199890136719,295.6099853515625,4791
2026-09-30 12:42:00,1790786520,TWLO,295.6199951171875,295.6199951171875,295.5150146484375,295.54998779296875,3116
2026-09-30 12:43:00,1790786580,TWLO,295.6300048828125,295.81500244140625,295.5350036621094,295.81500244140625,4142
2026-09-30 12:44:00,1790786640,TWLO,295.7550048828125,296.2749938964844,295.7550048828125,296.2749938964844,3886
2026-09-30 12:45:00,1790786700,TWLO,296.2699890136719,296.3299865722656,296.1000061035156,296.2699890136719,2819
2026-09-30 12:46:00,1790786760,TWLO,296.2850036621094,296.2850036621094,296.239990234375,296.2449951171875,1467
2026-09-30 12:47:00,1790786820,TWLO,296.2449951171875,296.3599853515625,296.07000732421875,296.07000732421875,3531
2026-09-30 12:48:00,1790786880,TWLO,295.989990234375,296.1099853515625,295.8699951171875,295.9949951171875,7147
2026-09-30 12:49:00,1790786940,TWLO,295.8699951171875,295.8800048828125,295.67999267578125,295.79998779296875,3424
2026-09-30 12:50:00,1790787000,TWLO,295.6499938964844,295.7149963378906,295.5299987792969,295.5299987792969,3454
2026-09-30 12:51:00,1790787060,TWLO,295.4599914550781,295.6000061035156,295.30999755859375,295.32000732421875,8439
2026-09-30 12:52:00,1790787120,TWLO,295.2950134277344,295.29998779296875,295.07000732421875,295.07000732421875,3061
2026-09-30 12:53:00,1790787180,TWLO,295.125,295.4200134277344,295.05499267578125,295.2950134277344,4511
2026-09-30 12:54:00,1790787240,TWLO,295.2950134277344,295.2950134277344,295.2799987792969,295.2799987792969,1435
2026-09-30 12:55:00,1790787300,TWLO,295.239990234375,295.239990234375,294.6549987792969,294.6549987792969,2770
2026-09-30 12:56:00,1790787360,TWLO,294.8900146484375,294.8900146484375,294.8599853515625,294.8599853515625,418
2026-09-30 12:57:00,1790787420,TWLO,294.8800048828125,295.1300048828125,294.4599914550781,294.7799987792969,5663
2026-09-30 12:58:00,1790787480,TWLO,294.92999267578125,294.95001220703125,294.4700012207031,294.489990234375,5143
2026-09-30 12:59:00,1790787540,TWLO,294.4800109863281,294.95001220703125,294.4800109863281,294.92498779296875,8406
2026-09-30 13:00:00,1790787600,TWLO,294.7850036621094,294.8999938964844,294.7850036621094,294.8599853515625,3871
2026-09-30 13:01:00,1790787660,TWLO,294.9599914550781,295.19000244140625,294.9599914550781,295.19000244140625,1932
2026-09-30 13:02:00,1790787720,TWLO,295.0,295.17999267578125,294.989990234375,294.9949951171875,2505
2026-09-30 13:03:00,1790787780,TWLO,294.9849853515625,295.0299987792969,294.9800109863281,294.9800109863281,2030
2026-09-30 13:04:00,1790787840,TWLO,294.9800109863281,294.9800109863281,294.79998779296875,294.79998779296875,2728
2026-09-30 13:05:00,1790787900,TWLO,294.7950134277344,294.8800048828125,294.7099914550781,294.8800048828125,2766
2026-09-30 13:06:00,1790787960,TWLO,294.7950134277344,294.92999267578125,294.7950134277344,294.92498779296875,4345
2026-09-30 13:07:00,1790788020,TWLO,294.92498779296875,295.4200134277344,294.92498779296875,295.3949890136719,6979
2026-09-30 13:08:00,1790788080,TWLO,295.7101135253906,295.7101135253906,295.45001220703125,295.56500244140625,3390
2026-09-30 13:09:00,1790788140,TWLO,295.56500244140625,295.6099853515625,295.54998779296875,295.6099853515625,1498
2026-09-30 13:10:00,1790788200,TWLO,295.5799865722656,295.5849914550781,295.55499267578125,295.5799865722656,2668
2026-09-30 13:11:00,1790788260,TWLO,295.6400146484375,295.8800048828125,295.2699890136719,295.2699890136719,2332
2026-09-30 13:12:00,1790788320,TWLO,295.75,295.8699951171875,295.2799987792969,295.56500244140625,3962
2026-09-30 13:13:00,1790788380,TWLO,295.7699890136719,295.8399963378906,295.54998779296875,295.6099853515625,8702
2026-09-30 13:14:00,1790788440,TWLO,295.6600036621094,295.9200134277344,295.6300048828125,295.8299865722656,8409
2026-09-30 13:15:00,1790788500,TWLO,295.8299865722656,295.8299865722656,295.54998779296875,295.6300048828125,7122
2026-09-30 13:16:00,1790788560,TWLO,295.5,295.6099853515625,295.4100036621094,295.5,3736
2026-09-30 13:17:00,1790788620,TWLO,295.3500061035156,295.3500061035156,295.2200012207031,295.32000732421875,4113
2026-09-30 13:18:00,1790788680,TWLO,295.32000732421875,295.32000732421875,294.9200134277344,294.9599914550781,5905
2026-09-30 13:19:00,1790788740,TWLO,294.92999267578125,294.93499755859375,294.5299987792969,294.5299987792969,2776
2026-09-30 13:20:00,1790788800,TWLO,294.4200134277344,294.6099853515625,294.19500732421875,294.6099853515625,6025
2026-09-30 13:21:00,1790788860,TWLO,294.6099853515625,294.6700134277344,294.5,294.5,2141
2026-09-30 13:22:00,1790788920,TWLO,294.5400085449219,294.6400146484375,294.510009765625,294.6400146484375,1328
2026-09-30 13:23:00,1790788980,TWLO,294.6400146484375,294.9649963378906,294.510009765625,294.9649963378906,6204
2026-09-30 13:24:00,1790789040,TWLO,294.7300109863281,295.0299987792969,294.7300109863281,294.82501220703125,1706
2026-09-30 13:25:00,1790789100,TWLO,294.82501220703125,294.82501220703125,294.2200012207031,294.6706848144531,5661
2026-09-30 13:26:00,1790789160,TWLO,294.4100036621094,294.4100036621094,293.989990234375,293.989990234375,2716
2026-09-30 13:27:00,1790789220,TWLO,294.0400085449219,294.2799987792969,294.010009765625,294.07000732421875,3311
2026-09-30 13:28:00,1790789280,TWLO,294.2799987792969,294.2900085449219,294.2200012207031,294.260009765625,3554
2026-09-30 13:29:00,1790789340,TWLO,294.3999938964844,294.489990234375,294.2550048828125,294.2550048828125,1656
2026-09-30 13:30:00,1790789400,TWLO,294.25,294.5899963378906,294.2300109863281,294.5899963378906,1931
2026-09-30 13:31:00,1790789460,TWLO,294.6000061035156,294.6000061035156,294.3999938964844,294.57000732421875,8328
2026-09-30 13:32:00,1790789520,TWLO,294.57000732421875,294.57000732421875,294.0299987792969,294.125,9440
2026-09-30 13:33:00,1790789580,TWLO,294.3699951171875,294.3699951171875,294.30999755859375,294.30999755859375,1475
2026-09-30 13:34:00,1790789640,TWLO,294.20001220703125,294.20001220703125,293.9599914550781,294.0249938964844,4932
2026-09-30 13:35:00,1790789700,TWLO,294.19000244140625,294.3800048828125,294.0539855957031,294.2950134277344,3652
2026-09-30 13:36:00,1790789760,TWLO,294.3900146484375,294.4949951171875,294.0799865722656,294.21600341796875,4919
2026-09-30 13:37:00,1790789820,TWLO,294.2349853515625,294.3399963378906,294.0801086425781,294.0801086425781,2616
2026-09-30 13:38:00,1790789880,TWLO,294.3800048828125,294.7229919433594,294.1200866699219,294.5899963378906,8101
2026-09-30 13:39:00,1790789940,TWLO,294.44000244140625,294.7300109863281,294.2909851074219,294.2909851074219,2755
2026-09-30 13:40:00,1790790000,TWLO,294.45001220703125,294.6899108886719,294.44500732421875,294.6600036621094,3382
2026-09-30 13:41:00,1790790060,TWLO,294.4849853515625,294.4849853515625,294.385009765625,294.4849853515625,1588
2026-09-30 13:42:00,1790790120,TWLO,294.4800109863281,294.6499938964844,294.4100036621094,294.4100036621094,3582
2026-09-30 13:43:00,1790790180,TWLO,294.3800048828125,294.5799865722656,294.1300048828125,294.1300048828125,5694
2026-09-30 13:44:00,1790790240,TWLO,294.2300109863281,294.2300109863281,294.0,294.17999267578125,5113
2026-09-30 13:45:00,1790790300,TWLO,294.19000244140625,294.5400085449219,294.1300048828125,294.5400085449219,7662
2026-09-30 13:46:00,1790790360,TWLO,294.5400085449219,294.8900146484375,294.3500061035156,294.625,4660
2026-09-30 13:47:00,1790790420,TWLO,294.7200012207031,295.05999755859375,294.7026062011719,295.010009765625,5339
2026-09-30 13:48:00,1790790480,TWLO,294.79998779296875,295.2412109375,294.7699890136719,295.0400085449219,5268
2026-09-30 13:49:00,1790790540,TWLO,295.0400085449219,295.2699890136719,294.8699951171875,295.1099853515625,2894
2026-09-30 13:50:00,1790790600,TWLO,295.1099853515625,295.25,294.9049987792969,294.9049987792969,2706
2026-09-30 13:51:00,1790790660,TWLO,294.9200134277344,294.9700012207031,294.6400146484375,294.9700012207031,4403
2026-09-30 13:52:00,1790790720,TWLO,294.82000732421875,295.0,294.7200927734375,294.9599914550781,3119
2026-09-30 13:53:00,1790790780,TWLO,294.8599853515625,294.989990234375,294.5299987792969,294.5299987792969,4807
2026-09-30 13:54:00,1790790840,TWLO,294.6000061035156,294.7550048828125,294.4599914550781,294.5899963378906,4978
2026-09-30 13:55:00,1790790900,TWLO,294.4599914550781,294.5899963378906,294.30999755859375,294.3900146484375,4205
2026-09-30 13:56:00,1790790960,TWLO,294.32000732421875,294.7449951171875,294.25,294.7449951171875,7663
2026-09-30 13:57:00,1790791020,TWLO,294.7250061035156,294.7250061035156,294.5400085449219,294.5400085449219,3109
2026-09-30 13:58:00,1790791080,TWLO,294.5450134277344,294.5450134277344,294.3500061035156,294.5398864746094,4096
2026-09-30 13:59:00,1790791140,TWLO,294.5299987792969,294.5299987792969,294.4100036621094,294.4100036621094,1361
2026-09-30 14:00:00,1790791200,TWLO,294.4100036621094,294.5299987792969,294.3442077636719,294.3442077636719,3950
2026-09-30 14:01:00,1790791260,TWLO,294.30999755859375,294.739990234375,294.30999755859375,294.739990234375,6330
2026-09-30 14:02:00,1790791320,TWLO,294.8599853515625,294.9200134277344,294.5,294.9200134277344,4592
2026-09-30 14:03:00,1790791380,TWLO,294.8349914550781,295.0400085449219,294.7349853515625,294.7900085449219,3387
2026-09-30 14:04:00,1790791440,TWLO,294.7300109863281,295.010009765625,294.7300109863281,295.0,6283
2026-09-30 14:05:00,1790791500,TWLO,295.0,295.0199890136719,294.7099914550781,294.7099914550781,5851
2026-09-30 14:06:00,1790791560,TWLO,294.8800048828125,295.0299987792969,294.6300048828125,294.8699951171875,9949
2026-09-30 14:07:00,1790791620,TWLO,295.0400085449219,295.43499755859375,294.9501037597656,295.43499755859375,5238
2026-09-30 14:08:00,1790791680,TWLO,295.42999267578125,295.8299865722656,295.3299865722656,295.6400146484375,6614
2026-09-30 14:09:00,1790791740,TWLO,295.7699890136719,295.82000732421875,295.57000732421875,295.82000732421875,2819
2026-09-30 14:10:00,1790791800,TWLO,295.82000732421875,296.0,295.6400146484375,296.0,5367
2026-09-30 14:11:00,1790791860,TWLO,295.989990234375,296.1400146484375,295.70001220703125,295.7950134277344,5214
2026-09-30 14:12:00,1790791920,TWLO,295.8299865722656,295.94000244140625,295.79638671875,295.94000244140625,1887
2026-09-30 14:13:00,1790791980,TWLO,295.80499267578125,296.1400146484375,295.7950134277344,296.0400085449219,6132
2026-09-30 14:14:00,1790792040,TWLO,295.95001220703125,296.04998779296875,295.7637939453125,296.04998779296875,6341
2026-09-30 14:15:00,1790792100,TWLO,296.07000732421875,296.2099914550781,295.989990234375,296.0450134277344,5137
2026-09-30 14:16:00,1790792160,TWLO,296.19000244140625,296.19000244140625,296.04998779296875,296.04998779296875,3747
2026-09-30 14:17:00,1790792220,TWLO,296.17999267578125,296.25,295.75,295.760009765625,7233
2026-09-30 14:18:00,1790792280,TWLO,295.8399963378906,296.0299987792969,295.8399963378906,296.0299987792969,2356
2026-09-30 14:19:00,1790792340,TWLO,295.8599853515625,296.1199951171875,295.8599853515625,296.07501220703125,3252
2026-09-30 14:20:00,1790792400,TWLO,296.20001220703125,296.45001220703125,296.05780029296875,296.19000244140625,6216
2026-09-30 14:21:00,1790792460,TWLO,296.3999938964844,296.45001220703125,295.8699951171875,295.8699951171875,5909
2026-09-30 14:22:00,1790792520,TWLO,296.06500244140625,296.06500244140625,295.79998779296875,295.94000244140625,2895
2026-09-30 14:23:00,1790792580,TWLO,296.07000732421875,296.1400146484375,295.80999755859375,296.1400146484375,2399
2026-09-30 14:24:00,1790792640,TWLO,296.1000061035156,296.1400146484375,296.0400085449219,296.0400085449219,2559
2026-09-30 14:25:00,1790792700,TWLO,296.0400085449219,296.739990234375,295.9410095214844,296.5249938964844,22414
2026-09-30 14:26:00,1790792760,TWLO,296.5150146484375,297.0,296.3999938964844,297.0,5066
2026-09-30 14:27:00,1790792820,TWLO,296.82501220703125,296.9800109863281,296.7300109863281,296.7300109863281,2227
2026-09-30 14:28:00,1790792880,TWLO,296.5899963378906,296.6400146484375,296.5299987792969,296.55999755859375,3206
2026-09-30 14:29:00,1790792940,TWLO,296.4700012207031,296.8399963378906,296.2799987792969,296.3450012207031,4673
2026-09-30 14:30:00,1790793000,TWLO,296.32000732421875,296.80999755859375,296.2601013183594,296.760009765625,9598
2026-09-30 14:31:00,1790793060,TWLO,296.7799987792969,296.82000732421875,296.5849914550781,296.82000732421875,5915
2026-09-30 14:32:00,1790793120,TWLO,296.8299865722656,296.8299865722656,296.5400085449219,296.6499938964844,3593
2026-09-30 14:33:00,1790793180,TWLO,296.7699890136719,296.7699890136719,296.20001220703125,296.3399963378906,6071
2026-09-30 14:34:00,1790793240,TWLO,296.5,296.5299987792969,296.3500061035156,296.45001220703125,2468
2026-09-30 14:35:00,1790793300,TWLO,296.44500732421875,296.44500732421875,296.0299987792969,296.0299987792969,2817
2026-09-30 14:36:00,1790793360,TWLO,296.1000061035156,296.2799987792969,296.0450134277344,296.125,4138
2026-09-30 14:37:00,1790793420,TWLO,295.9800109863281,296.0599060058594,295.80999755859375,295.9200134277344,3840
2026-09-30 14:38:00,1790793480,TWLO,295.9200134277344,295.9200134277344,295.739990234375,295.8900146484375,4912
2026-09-30 14:39:00,1790793540,TWLO,296.0299987792969,296.20001220703125,295.9800109863281,296.0950012207031,5889
2026-09-30 14:40:00,1790793600,TWLO,296.0799865722656,296.0799865722656,295.9601135253906,296.0799865722656,3729
2026-09-30 14:41:00,1790793660,TWLO,296.0975036621094,296.69000244140625,296.0849914550781,296.5299987792969,6304
2026-09-30 14:42:00,1790793720,TWLO,296.44500732421875,296.44500732421875,295.9800109863281,296.17498779296875,13820
2026-09-30 14:43:00,1790793780,TWLO,296.17498779296875,296.17498779296875,295.7699890136719,295.8999938964844,4839
2026-09-30 14:44:00,1790793840,TWLO,295.8949890136719,296.0799865722656,295.8900146484375,295.9825134277344,5457
2026-09-30 14:45:00,1790793900,TWLO,296.07000732421875,296.1300048828125,295.2250061035156,295.2349853515625,5125
2026-09-30 14:46:00,1790793960,TWLO,295.07000732421875,295.79998779296875,294.8699951171875,295.79998779296875,9384
2026-09-30 14:47:00,1790794020,TWLO,295.8299865722656,296.2300109863281,295.82501220703125,295.9549865722656,4959
2026-09-30 14:48:00,1790794080,TWLO,295.9599914550781,296.19000244140625,295.4700012207031,295.5199890136719,6023
2026-09-30 14:49:00,1790794140,TWLO,295.4599914550781,295.81500244140625,295.4599914550781,295.7925109863281,2956
2026-09-30 14:50:00,1790794200,TWLO,295.7950134277344,295.79998779296875,295.1000061035156,295.43499755859375,12578
2026-09-30 14:51:00,1790794260,TWLO,294.82000732421875,295.4150085449219,294.82000732421875,294.82000732421875,3134
2026-09-30 14:52:00,1790794320,TWLO,295.4100036621094,295.4100036621094,294.82000732421875,295.2550048828125,13549
2026-09-30 14:53:00,1790794380,TWLO,295.07000732421875,295.3999938964844,294.4100036621094,294.5450134277344,16906
2026-09-30 14:54:00,1790794440,TWLO,294.54998779296875,294.6050109863281,294.17999267578125,294.54998779296875,3950
2026-09-30 14:55:00,1790794500,TWLO,294.79998779296875,294.8800048828125,294.4700012207031,294.8800048828125,4176
2026-09-30 14:56:00,1790794560,TWLO,294.6499938964844,294.8500061035156,294.44000244140625,294.7049865722656,4715
2026-09-30 14:57:00,1790794620,TWLO,294.6650085449219,295.1400146484375,294.6400146484375,295.1300048828125,6477
2026-09-30 14:58:00,1790794680,TWLO,295.2099914550781,295.42999267578125,295.2099914550781,295.42999267578125,4069
2026-09-30 14:59:00,1790794740,TWLO,295.3500061035156,295.6300048828125,295.2300109863281,295.6099853515625,5968
2026-09-30 15:00:00,1790794800,TWLO,295.6099853515625,296.06500244140625,295.45001220703125,295.9750061035156,5738
2026-09-30 15:01:00,1790794860,TWLO,295.9849853515625,295.9849853515625,295.3299865722656,295.68499755859375,9593
2026-09-30 15:02:00,1790794920,TWLO,295.67999267578125,296.8900146484375,295.4100036621094,296.7099914550781,19755
2026-09-30 15:03:00,1790794980,TWLO,296.69500732421875,296.8399963378906,296.45001220703125,296.57501220703125,5650
2026-09-30 15:04:00,1790795040,TWLO,296.57000732421875,296.69000244140625,296.29998779296875,296.3999938964844,5023
2026-09-30 15:05:00,1790795100,TWLO,296.56500244140625,296.7699890136719,296.2699890136719,296.6000061035156,9897
2026-09-30 15:06:00,1790795160,TWLO,296.8299865722656,296.8299865722656,296.6000061035156,296.6524963378906,7651
2026-09-30 15:07:00,1790795220,TWLO,296.6199951171875,297.1050109863281,296.239990234375,296.6510009765625,24973
2026-09-30 15:08:00,1790795280,TWLO,296.92498779296875,296.92498779296875,296.32000732421875,296.3299865722656,12766
2026-09-30 15:09:00,1790795340,TWLO,296.2300109863281,296.79998779296875,295.8399963378906,296.79998779296875,16778
2026-09-30 15:10:00,1790795400,TWLO,296.4910888671875,296.760009765625,296.17999267578125,296.17999267578125,6854
2026-09-30 15:11:00,1790795460,TWLO,296.4200134277344,296.4750061035156,295.79998779296875,296.2650146484375,11380
2026-09-30 15:12:00,1790795520,TWLO,296.05999755859375,296.42999267578125,295.9700012207031,296.4100036621094,12740
2026-09-30 15:13:00,1790795580,TWLO,296.3699951171875,296.4200134277344,295.94000244140625,295.94000244140625,6697
2026-09-30 15:14:00,1790795640,TWLO,295.9100036621094,295.9100036621094,295.6300048828125,295.8074951171875,3552
2026-09-30 15:15:00,1790795700,TWLO,295.8550109863281,296.04998779296875,295.82501220703125,296.0199890136719,6686
2026-09-30 15:16:00,1790795760,TWLO,295.88751220703125,296.0400085449219,295.7099914550781,295.7099914550781,3221
2026-09-30 15:17:00,1790795820,TWLO,295.8550109863281,295.9150085449219,295.2099914550781,295.489990234375,7601
2026-09-30 15:18:00,1790795880,TWLO,295.4649963378906,295.6700134277344,295.3699951171875,295.6700134277344,8130
2026-09-30 15:19:00,1790795940,TWLO,295.94000244140625,296.19500732421875,295.94000244140625,296.07501220703125,2829
2026-09-30 15:20:00,1790796000,TWLO,295.8999938964844,296.17999267578125,295.8949890136719,295.9200134277344,6775
2026-09-30 15:21:00,1790796060,TWLO,296.0,296.0350036621094,295.69000244140625,295.9100036621094,4432
2026-09-30 15:22:00,1790796120,TWLO,295.9049987792969,296.07000732421875,295.6449890136719,295.6449890136719,5575
2026-09-30 15:23:00,1790796180,TWLO,295.57000732421875,295.6499938964844,295.45001220703125,295.5450134277344,7697
2026-09-30 15:24:00,1790796240,TWLO,295.5400085449219,295.70001220703125,295.5199890136719,295.5400085449219,3988
2026-09-30 15:25:00,1790796300,TWLO,295.46240234375,295.5350036621094,295.25,295.260009765625,13192
2026-09-30 15:26:00,1790796360,TWLO,295.3999938964844,295.5299987792969,294.9800109863281,295.0299987792969,8709
2026-09-30 15:27:00,1790796420,TWLO,295.05999755859375,295.0799865722656,294.82000732421875,294.82000732421875,4253
2026-09-30 15:28:00,1790796480,TWLO,294.82000732421875,294.82000732421875,294.4150085449219,294.54998779296875,9979
2026-09-30 15:29:00,1790796540,TWLO,294.5299987792969,295.1700134277344,294.5299987792969,294.81500244140625,10665
2026-09-30 15:30:00,1790796600,TWLO,294.81500244140625,295.260009765625,294.55999755859375,295.260009765625,6274
2026-09-30 15:31:00,1790796660,TWLO,295.2550048828125,295.6400146484375,295.239990234375,295.635009765625,10022
2026-09-30 15:32:00,1790796720,TWLO,295.4849853515625,295.989990234375,295.4800109863281,295.8450012207031,10120
2026-09-30 15:33:00,1790796780,TWLO,295.70001220703125,295.7250061035156,295.4800109863281,295.54998779296875,5764
2026-09-30 15:34:00,1790796840,TWLO,295.5450134277344,295.9800109863281,295.5450134277344,295.7699890136719,5586
2026-09-30 15:35:00,1790796900,TWLO,295.7699890136719,296.0,295.6000061035156,295.9949951171875,6634
2026-09-30 15:36:00,1790796960,TWLO,296.0,296.0,295.2099914550781,295.32501220703125,13573
2026-09-30 15:37:00,1790797020,TWLO,294.9599914550781,295.1600036621094,294.9599914550781,294.9599914550781,4100
2026-09-30 15:38:00,1790797080,TWLO,295.1099853515625,295.1199951171875,294.9599914550781,295.1000061035156,6003
2026-09-30 15:39:00,1790797140,TWLO,295.1000061035156,295.2900085449219,295.0799865722656,295.18499755859375,4780
2026-09-30 15:40:00,1790797200,TWLO,295.19000244140625,295.6700134277344,295.0954895019531,295.6700134277344,7067
2026-09-30 15:41:00,1790797260,TWLO,295.54998779296875,295.5899963378906,295.0799865722656,295.2099914550781,7512
2026-09-30 15:42:00,1790797320,TWLO,295.2099914550781,295.3399963378906,294.8399963378906,294.8399963378906,6758
2026-09-30 15:43:00,1790797380,TWLO,294.9150085449219,294.9700012207031,294.69000244140625,294.8450012207031,5008
2026-09-30 15:44:00,1790797440,TWLO,294.7300109863281,294.864990234375,294.69000244140625,294.81500244140625,6856
2026-09-30 15:45:00,1790797500,TWLO,294.92999267578125,295.3800048828125,294.8900146484375,295.2850036621094,13406
2026-09-30 15:46:00,1790797560,TWLO,295.1700134277344,295.3500061035156,294.6600036621094,294.8599853515625,5184
2026-09-30 15:47:00,1790797620,TWLO,294.9549865722656,294.9599914550781,294.2900085449219,294.30999755859375,14764
2026-09-30 15:48:00,1790797680,TWLO,294.30999755859375,294.6000061035156,294.1910095214844,294.3599853515625,12333
2026-09-30 15:49:00,1790797740,TWLO,294.3550109863281,294.69000244140625,293.7699890136719,293.7699890136719,20139
2026-09-30 15:50:00,1790797800,TWLO,293.510009765625,293.6050109863281,293.08880615234375,293.2149963378906,7454
2026-09-30 15:51:00,1790797860,TWLO,293.17999267578125,293.17999267578125,292.2699890136719,292.2699890136719,22143
2026-09-30 15:52:00,1790797920,TWLO,292.45001220703125,293.6099853515625,292.2749938964844,293.07501220703125,21606
2026-09-30 15:53:00,1790797980,TWLO,293.07501220703125,293.4800109863281,293.07501220703125,293.17498779296875,14626
2026-09-30 15:54:00,1790798040,TWLO,293.17498779296875,293.5799865722656,292.9100036621094,292.9100036621094,12727
2026-09-30 15:55:00,1790798100,TWLO,293.18499755859375,294.17999267578125,293.18499755859375,294.1499938964844,31869
2026-09-30 15:56:00,1790798160,TWLO,294.06500244140625,294.18499755859375,293.8800048828125,294.1300048828125,24559
2026-09-30 15:57:00,1790798220,TWLO,294.1300048828125,294.1300048828125,293.2900085449219,293.8349914550781,37234
2026-09-30 15:58:00,1790798280,TWLO,293.8399963378906,293.8450012207031,293.0400085449219,293.25,75587
2026-09-30 15:59:00,1790798340,TWLO,293.1499938964844,293.4100036621094,292.260009765625,292.4949951171875,116962
2026-09-30 16:00:00,1790798400,TWLO,292.4599914550781,292.4599914550781,292.4599914550781,292.4599914550781,0
2026-10-01 09:30:00,1790861400,TWLO,294.25,294.25,291.010009765625,292.0450134277344,52583
2026-10-01 09:31:00,1790861460,TWLO,290.1700134277344,291.8699951171875,287.510009765625,288.7850036621094,17176
2026-10-01 09:32:00,1790861520,TWLO,288.7850036621094,290.3299865722656,288.0,289.3550109863281,72008
2026-10-01 09:33:00,1790861580,TWLO,289.3550109863281,291.45001220703125,288.5,291.45001220703125,21025
2026-10-01 09:34:00,1790861640,TWLO,290.3999938964844,290.3999938964844,289.2157897949219,289.2157897949219,6813
2026-10-01 09:35:00,1790861700,TWLO,289.43499755859375,292.6400146484375,289.43499755859375,292.6400146484375,8173
2026-10-01 09:36:00,1790861760,TWLO,291.3999938964844,291.9750061035156,291.3999938964844,291.6424865722656,1033
2026-10-01 09:37:00,1790861820,TWLO,291.9800109863281,292.05999755859375,291.1099853515625,292.0299987792969,6061
2026-10-01 09:38:00,1790861880,TWLO,291.8550109863281,291.8999938964844,291.635009765625,291.6400146484375,2680
2026-10-01 09:39:00,1790861940,TWLO,291.635009765625,291.635009765625,290.8949890136719,290.8999938964844,1513
2026-10-01 09:40:00,1790862000,TWLO,291.16729736328125,292.45001220703125,289.722900390625,291.6449890136719,5400
2026-10-01 09:41:00,1790862060,TWLO,292.6499938964844,293.05999755859375,290.6401062011719,292.010009765625,4209
2026-10-01 09:42:00,1790862120,TWLO,291.6549987792969,292.5400085449219,291.6199951171875,292.32000732421875,3599
2026-10-01 09:43:00,1790862180,TWLO,292.2650146484375,294.510009765625,292.2650146484375,293.9750061035156,4136
2026-10-01 09:44:00,1790862240,TWLO,293.9750061035156,294.489990234375,293.94500732421875,293.94500732421875,3298
2026-10-01 09:45:00,1790862300,TWLO,293.94500732421875,296.5,293.94500732421875,294.45001220703125,10490
2026-10-01 09:46:00,1790862360,TWLO,294.42999267578125,294.42999267578125,292.7250061035156,292.7250061035156,2855
2026-10-01 09:47:00,1790862420,TWLO,293.70001220703125,293.8900146484375,293.5950012207031,293.7900085449219,3587
2026-10-01 09:48:00,1790862480,TWLO,293.7850036621094,294.1199951171875,293.510009765625,293.510009765625,2601
2026-10-01 09:49:00,1790862540,TWLO,292.9949951171875,293.2099914550781,292.04998779296875,292.6499938964844,2842
2026-10-01 09:50:00,1790862600,TWLO,292.9070129394531,293.95001220703125,292.4750061035156,293.5400085449219,7665
2026-10-01 09:51:00,1790862660,TWLO,292.7900085449219,293.70001220703125,292.1499938964844,293.70001220703125,4632
2026-10-01 09:52:00,1790862720,TWLO,294.260009765625,296.0,294.1152038574219,295.989990234375,4928
2026-10-01 09:53:00,1790862780,TWLO,296.20001220703125,297.3699951171875,296.20001220703125,296.8399963378906,4390
2026-10-01 09:54:00,1790862840,TWLO,296.82501220703125,297.75,296.82501220703125,297.1600036621094,1834
2026-10-01 09:55:00,1790862900,TWLO,297.239990234375,297.29998779296875,294.5101013183594,294.5101013183594,9378
2026-10-01 09:56:00,1790862960,TWLO,296.1600036621094,296.5,296.1600036621094,296.20001220703125,3987
2026-10-01 09:57:00,1790863020,TWLO,296.9999084472656,297.5,296.9800109863281,297.20001220703125,4306
2026-10-01 09:58:00,1790863080,TWLO,297.7398986816406,297.7398986816406,296.8500061035156,296.8550109863281,1857
2026-10-01 09:59:00,1790863140,TWLO,296.8550109863281,298.1700134277344,296.8550109863281,298.1700134277344,5212
2026-10-01 10:00:00,1790863200,TWLO,298.0899963378906,298.39990234375,297.32000732421875,297.5,6668
2026-10-01 10:01:00,1790863260,TWLO,297.5,297.989990234375,297.0249938964844,297.0249938964844,3411
2026-10-01 10:02:00,1790863320,TWLO,297.04998779296875,297.2300109863281,296.7049865722656,296.9599914550781,4378
2026-10-01 10:03:00,1790863380,TWLO,296.9599914550781,296.9599914550781,296.0799865722656,296.0799865722656,2974
2026-10-01 10:04:00,1790863440,TWLO,296.1549987792969,296.45001220703125,295.9700012207031,296.0199890136719,2570
2026-10-01 10:05:00,1790863500,TWLO,296.07501220703125,296.25,296.04998779296875,296.04998779296875,1746
2026-10-01 10:06:00,1790863560,TWLO,296.0450134277344,296.0450134277344,295.3399963378906,295.3399963378906,4254
2026-10-01 10:07:00,1790863620,TWLO,295.8299865722656,296.1400146484375,295.4649963378906,295.9100036621094,5000
2026-10-01 10:08:00,1790863680,TWLO,295.3699951171875,297.1099853515625,295.3699951171875,297.1099853515625,5217
2026-10-01 10:09:00,1790863740,TWLO,297.260009765625,297.49639892578125,297.10040283203125,297.37249755859375,5995
2026-10-01 10:10:00,1790863800,TWLO,297.20001220703125,297.20001220703125,296.6700134277344,297.114990234375,3826
2026-10-01 10:11:00,1790863860,TWLO,296.4200134277344,296.4200134277344,295.489990234375,296.1099853515625,3021
2026-10-01 10:12:00,1790863920,TWLO,296.0150146484375,296.0199890136719,295.8399963378906,295.8900146484375,5097
2026-10-01 10:13:00,1790863980,TWLO,295.6700134277344,295.6700134277344,294.76251220703125,294.7850036621094,4634
2026-10-01 10:14:00,1790864040,TWLO,294.69000244140625,294.94000244140625,294.4100036621094,294.94000244140625,5867
2026-10-01 10:15:00,1790864100,TWLO,294.8924865722656,294.8924865722656,294.87249755859375,294.87249755859375,411
2026-10-01 10:16:00,1790864160,TWLO,295.3033142089844,295.3399963378906,295.010009765625,295.3399963378906,6410
2026-10-01 10:17:00,1790864220,TWLO,295.3699951171875,296.0714111328125,295.2799987792969,295.6050109863281,5081
2026-10-01 10:18:00,1790864280,TWLO,295.5899963378906,295.5899963378906,295.5899963378906,295.5899963378906,848
2026-10-01 10:19:00,1790864340,TWLO,295.5400085449219,296.2200012207031,295.2301025390625,296.2200012207031,3124
2026-10-01 10:20:00,1790864400,TWLO,296.0199890136719,296.30999755859375,296.0199890136719,296.2149963378906,3175
2026-10-01 10:21:00,1790864460,TWLO,296.4700012207031,296.4700012207031,296.18499755859375,296.18499755859375,723
2026-10-01 10:22:00,1790864520,TWLO,296.5799865722656,296.69000244140625,296.3349914550781,296.67999267578125,1820
2026-10-01 10:23:00,1790864580,TWLO,296.45001220703125,296.45001220703125,296.1000061035156,296.1000061035156,2789
2026-10-01 10:24:00,1790864640,TWLO,296.0950927734375,296.4798889160156,295.7200012207031,296.4700012207031,2696
2026-10-01 10:25:00,1790864700,TWLO,296.2799987792969,297.2099914550781,296.2799987792969,296.67498779296875,5687
2026-10-01 10:26:00,1790864760,TWLO,297.20001220703125,297.5299072265625,296.8699951171875,297.07000732421875,3835
2026-10-01 10:27:00,1790864820,TWLO,296.7099914550781,296.7900085449219,296.45001220703125,296.6300048828125,3856
2026-10-01 10:28:00,1790864880,TWLO,296.3399963378906,297.29998779296875,296.3399963378906,297.2699890136719,5699
2026-10-01 10:29:00,1790864940,TWLO,297.57000732421875,297.6700134277344,296.489990234375,296.55499267578125,4432
2026-10-01 10:30:00,1790865000,TWLO,296.4599914550781,297.135009765625,295.9501037597656,296.6300048828125,5112
2026-10-01 10:31:00,1790865060,TWLO,296.989990234375,296.989990234375,296.3900146484375,296.4200134277344,16318
2026-10-01 10:32:00,1790865120,TWLO,296.2149963378906,296.2149963378906,295.42999267578125,295.42999267578125,2081
2026-10-01 10:33:00,1790865180,TWLO,295.5249938964844,295.5249938964844,295.4750061035156,295.4750061035156,1333
2026-10-01 10:34:00,1790865240,TWLO,295.4700012207031,295.57000732421875,295.04998779296875,295.1099853515625,3004
2026-10-01 10:35:00,1790865300,TWLO,295.1700134277344,295.1700134277344,294.5409851074219,294.5409851074219,856
2026-10-01 10:36:00,1790865360,TWLO,294.3699951171875,294.3699951171875,293.989990234375,294.1700134277344,2859
2026-10-01 10:37:00,1790865420,TWLO,294.1300048828125,294.6499938964844,293.9775085449219,294.2699890136719,6411
2026-10-01 10:38:00,1790865480,TWLO,294.2200012207031,294.6400146484375,294.0,294.0,3112
2026-10-01 10:39:00,1790865540,TWLO,293.8586120605469,294.94000244140625,293.8586120605469,294.5450134277344,3934
2026-10-01 10:40:00,1790865600,TWLO,294.5400085449219,294.5400085449219,294.5400085449219,294.5400085449219,776
2026-10-01 10:41:00,1790865660,TWLO,294.7218933105469,295.0199890136719,294.4700012207031,294.5,43823
2026-10-01 10:42:00,1790865720,TWLO,294.44000244140625,294.7099914550781,293.92010498046875,294.3550109863281,13467
2026-10-01 10:43:00,1790865780,TWLO,293.760009765625,295.39990234375,293.760009765625,295.39990234375,4419
2026-10-01 10:44:00,1790865840,TWLO,293.9599914550781,295.8500061035156,293.9599914550781,295.385009765625,2531
2026-10-01 10:45:00,1790865900,TWLO,295.6000061035156,296.0950012207031,295.5299987792969,296.0950012207031,6544
2026-10-01 10:46:00,1790865960,TWLO,296.25,296.25,295.5799865722656,295.5799865722656,3552
2026-10-01 10:47:00,1790866020,TWLO,295.42999267578125,295.8699951171875,295.42999267578125,295.8699951171875,1408
2026-10-01 10:48:00,1790866080,TWLO,295.8699951171875,295.8699951171875,295.8699951171875,295.8699951171875,315
2026-10-01 10:49:00,1790866140,TWLO,295.8500061035156,295.8500061035156,295.79998779296875,295.8299865722656,1230
2026-10-01 10:50:00,1790866200,TWLO,295.75,295.8550109863281,295.75,295.8550109863281,1988
2026-10-01 10:51:00,1790866260,TWLO,296.1400146484375,296.5199890136719,296.1400146484375,296.5199890136719,7352
2026-10-01 10:52:00,1790866320,TWLO,296.2699890136719,296.6499938964844,295.8800048828125,296.29998779296875,10401
2026-10-01 10:53:00,1790866380,TWLO,296.3299865722656,296.3299865722656,295.2699890136719,295.4200134277344,48628
2026-10-01 10:54:00,1790866440,TWLO,295.19500732421875,295.57000732421875,294.97088623046875,295.4800109863281,4155
2026-10-01 10:55:00,1790866500,TWLO,295.94000244140625,296.2149963378906,295.6400146484375,296.2099914550781,10106
2026-10-01 10:56:00,1790866560,TWLO,295.57000732421875,295.57000732421875,294.20001220703125,294.5150146484375,3638
2026-10-01 10:57:00,1790866620,TWLO,294.5150146484375,294.5150146484375,294.510009765625,294.510009765625,1327
2026-10-01 10:58:00,1790866680,TWLO,294.4849853515625,294.92999267578125,294.4849853515625,294.92999267578125,4777
2026-10-01 10:59:00,1790866740,TWLO,294.9100036621094,295.0675048828125,294.9100036621094,295.0400085449219,1561
2026-10-01 11:00:00,1790866800,TWLO,295.04998779296875,295.54998779296875,294.6199951171875,295.54998779296875,1863
2026-10-01 11:01:00,1790866860,TWLO,295.06500244140625,295.06500244140625,294.875,294.875,1061
2026-10-01 11:02:00,1790866920,TWLO,294.7900085449219,295.0400085449219,294.7900085449219,294.7900085449219,1888
2026-10-01 11:03:00,1790866980,TWLO,294.7200012207031,295.7699890136719,294.7200012207031,295.7699890136719,3240
2026-10-01 11:04:00,1790867040,TWLO,296.0050048828125,296.739990234375,295.70001220703125,296.739990234375,1269
2026-10-01 11:05:00,1790867100,TWLO,296.177490234375,296.9100036621094,295.4200134277344,296.4549865722656,33420
2026-10-01 11:06:00,1790867160,TWLO,296.44000244140625,296.9898986816406,296.1700134277344,296.7799987792969,3743
2026-10-01 11:07:00,1790867220,TWLO,296.0400085449219,296.8500061035156,296.010009765625,296.510009765625,10673
2026-10-01 11:08:00,1790867280,TWLO,296.510009765625,296.9700012207031,296.0899963378906,296.6000061035156,26096
2026-10-01 11:09:00,1790867340,TWLO,296.3900146484375,296.70001220703125,296.090087890625,296.5,4078
2026-10-01 11:10:00,1790867400,TWLO,296.4750061035156,296.70001220703125,296.3500061035156,296.3500061035156,1888
2026-10-01 11:11:00,1790867460,TWLO,296.3399963378906,296.6300048828125,296.1499938964844,296.6300048828125,2806
2026-10-01 11:12:00,1790867520,TWLO,296.7099914550781,296.739990234375,296.42999267578125,296.4949951171875,2790
2026-10-01 11:13:00,1790867580,TWLO,296.5,296.739990234375,296.260009765625,296.260009765625,5105
2026-10-01 11:14:00,1790867640,TWLO,296.4200134277344,296.57000732421875,296.4150085449219,296.57000732421875,2319
2026-10-01 11:15:00,1790867700,TWLO,296.4949951171875,296.4949951171875,296.2900085449219,296.2900085449219,2410
2026-10-01 11:16:00,1790867760,TWLO,296.2900085449219,296.2900085449219,296.0,296.1499938964844,8012
2026-10-01 11:17:00,1790867820,TWLO,296.0849914550781,296.2699890136719,296.06500244140625,296.1549987792969,3366
2026-10-01 11:18:00,1790867880,TWLO,296.1549987792969,296.1549987792969,295.7449951171875,295.7449951171875,12422
2026-10-01 11:19:00,1790867940,TWLO,295.67999267578125,296.3999938964844,295.6449890136719,296.3999938964844,5009
2026-10-01 11:20:00,1790868000,TWLO,296.5,296.5899963378906,295.8800048828125,295.8800048828125,8101
2026-10-01 11:21:00,1790868060,TWLO,295.8800048828125,296.04998779296875,295.8800048828125,296.04998779296875,1994
2026-10-01 11:22:00,1790868120,TWLO,296.29998779296875,296.80999755859375,296.29998779296875,296.489990234375,4859
2026-10-01 11:23:00,1790868180,TWLO,296.489990234375,296.70001220703125,296.489990234375,296.6199951171875,2793
2026-10-01 11:24:00,1790868240,TWLO,296.614990234375,296.6199951171875,296.49749755859375,296.6199951171875,1532
2026-10-01 11:25:00,1790868300,TWLO,296.69000244140625,296.9100036621094,296.69000244140625,296.9100036621094,1417
2026-10-01 11:26:00,1790868360,TWLO,296.8500061035156,296.8500061035156,296.6099853515625,296.614990234375,1613
2026-10-01 11:27:00,1790868420,TWLO,296.8299865722656,297.19000244140625,296.6600036621094,297.19000244140625,8297
2026-10-01 11:28:00,1790868480,TWLO,297.30999755859375,297.659912109375,296.80999755859375,297.260009765625,27376
2026-10-01 11:29:00,1790868540,TWLO,296.9949951171875,297.3500061035156,296.9800109863281,296.9800109863281,2979
2026-10-01 11:30:00,1790868600,TWLO,296.6199951171875,297.30999755859375,296.6199951171875,297.0450134277344,8284
2026-10-01 11:31:00,1790868660,TWLO,297.1449890136719,297.69000244140625,296.739990234375,297.6099853515625,17943
2026-10-01 11:32:00,1790868720,TWLO,297.6099853515625,297.94000244140625,297.090087890625,297.489990234375,14059
2026-10-01 11:33:00,1790868780,TWLO,297.4800109863281,297.4800109863281,296.06298828125,297.4549865722656,24691
2026-10-01 11:34:00,1790868840,TWLO,297.44500732421875,297.45001220703125,296.9100036621094,296.95001220703125,10913
2026-10-01 11:35:00,1790868900,TWLO,296.95001220703125,297.5849914550781,296.7550048828125,297.5849914550781,4884
2026-10-01 11:36:00,1790868960,TWLO,297.5950012207031,298.1099853515625,297.5350036621094,297.9750061035156,23732
2026-10-01 11:37:00,1790869020,TWLO,297.9849853515625,298.3399963378906,297.9849853515625,297.9949951171875,5792
2026-10-01 11:38:00,1790869080,TWLO,297.9849853515625,298.1000061035156,297.9549865722656,298.0,2349
2026-10-01 11:39:00,1790869140,TWLO,297.9549865722656,298.239990234375,297.9549865722656,297.9700012207031,2732
2026-10-01 11:40:00,1790869200,TWLO,297.92999267578125,299.3633117675781,297.92999267578125,298.989990234375,10164
2026-10-01 11:41:00,1790869260,TWLO,299.0849914550781,299.4599914550781,298.6499938964844,299.0,2134
2026-10-01 11:42:00,1790869320,TWLO,299.0849914550781,299.82000732421875,299.0849914550781,299.510009765625,1264
2026-10-01 11:43:00,1790869380,TWLO,299.80999755859375,299.80999755859375,299.0799865722656,299.0799865722656,2338
2026-10-01 11:44:00,1790869440,TWLO,299.44000244140625,299.7799987792969,299.4200134277344,299.43499755859375,4677
2026-10-01 11:45:00,1790869500,TWLO,299.4649963378906,299.4649963378906,299.0400085449219,299.17498779296875,4314
2026-10-01 11:46:00,1790869560,TWLO,299.19500732421875,299.5,298.9501037597656,299.2449951171875,947
2026-10-01 11:47:00,1790869620,TWLO,299.510009765625,299.5299987792969,299.3399963378906,299.5050048828125,3733
2026-10-01 11:48:00,1790869680,TWLO,299.4949951171875,299.7699890136719,298.79010009765625,298.79010009765625,3303
2026-10-01 11:49:00,1790869740,TWLO,299.0,299.6899108886719,299.0,299.5,3371
2026-10-01 11:50:00,1790869800,TWLO,299.5,299.75,299.0199890136719,299.0199890136719,2371
2026-10-01 11:51:00,1790869860,TWLO,299.0201110839844,299.8268127441406,299.0201110839844,299.7349853515625,6292
2026-10-01 11:52:00,1790869920,TWLO,299.7300109863281,299.8500061035156,299.6000061035156,299.7200927734375,2027
2026-10-01 11:53:00,1790869980,TWLO,299.6000061035156,299.8699951171875,299.5849914550781,299.8699951171875,5652
2026-10-01 11:54:00,1790870040,TWLO,299.6050109863281,299.8900146484375,299.6050109863281,299.8800048828125,1687
2026-10-01 11:55:00,1790870100,TWLO,299.8599853515625,299.9800109863281,299.739990234375,299.9800109863281,3832
2026-10-01 11:56:00,1790870160,TWLO,299.7950134277344,300.56890869140625,299.7950134277344,300.56890869140625,20935
2026-10-01 11:57:00,1790870220,TWLO,300.45001220703125,300.4674987792969,300.3900146484375,300.4674987792969,1836
2026-10-01 11:58:00,1790870280,TWLO,300.57000732421875,300.57000732421875,300.2099914550781,300.45001220703125,5195
2026-10-01 11:59:00,1790870340,TWLO,300.2200012207031,300.660400390625,300.2099914550781,300.660400390625,2695
2026-10-01 12:00:00,1790870400,TWLO,300.364990234375,300.3699951171875,299.8699951171875,299.8699951171875,3781
2026-10-01 12:01:00,1790870460,TWLO,300.260009765625,300.2650146484375,300.260009765625,300.260009765625,965
2026-10-01 12:02:00,1790870520,TWLO,300.2799987792969,300.64990234375,299.9100036621094,300.5299987792969,3476
2026-10-01 12:03:00,1790870580,TWLO,300.6499938964844,300.93499755859375,300.4200134277344,300.93499755859375,3890
2026-10-01 12:04:00,1790870640,TWLO,301.21990966796875,301.21990966796875,300.69000244140625,300.69500732421875,2931
2026-10-01 12:05:00,1790870700,TWLO,300.69500732421875,300.69500732421875,300.69500732421875,300.69500732421875,1146
2026-10-01 12:06:00,1790870760,TWLO,300.7200012207031,300.989990234375,300.69000244140625,300.8500061035156,15264
2026-10-01 12:07:00,1790870820,TWLO,300.8500061035156,300.94000244140625,300.69000244140625,300.8450927734375,6856
2026-10-01 12:08:00,1790870880,TWLO,300.8450012207031,301.4200134277344,300.8450012207031,301.4200134277344,5232
2026-10-01 12:09:00,1790870940,TWLO,301.79998779296875,301.79998779296875,300.5199890136719,300.8550109863281,6532
2026-10-01 12:10:00,1790871000,TWLO,300.8800048828125,301.5198974609375,299.54998779296875,299.69500732421875,5576
2026-10-01 12:11:00,1790871060,TWLO,299.69500732421875,300.0799865722656,299.6000061035156,299.8500061035156,7702
2026-10-01 12:12:00,1790871120,TWLO,299.7950134277344,300.5799865722656,299.3999938964844,300.45001220703125,10071
2026-10-01 12:13:00,1790871180,TWLO,300.5450134277344,300.5450134277344,300.1700134277344,300.1700134277344,4277
2026-10-01 12:14:00,1790871240,TWLO,300.07000732421875,300.239990234375,299.8900146484375,300.0899963378906,1973
2026-10-01 12:15:00,1790871300,TWLO,300.1722106933594,300.5199890136719,299.8900146484375,300.3974914550781,2478
2026-10-01 12:16:00,1790871360,TWLO,300.5899963378906,300.75,299.4100036621094,299.4549865722656,10766
2026-10-01 12:17:00,1790871420,TWLO,299.70001220703125,299.989990234375,299.1401062011719,299.3599853515625,5647
2026-10-01 12:18:00,1790871480,TWLO,299.45001220703125,300.2900085449219,298.92999267578125,298.94000244140625,4039
2026-10-01 12:19:00,1790871540,TWLO,298.760009765625,299.33990478515625,298.5400085449219,298.8999938964844,1690
2026-10-01 12:20:00,1790871600,TWLO,299.3299865722656,299.3299865722656,297.7900085449219,298.0249938964844,5863
2026-10-01 12:21:00,1790871660,TWLO,298.0899963378906,298.2699890136719,297.8500061035156,298.260009765625,2127
2026-10-01 12:22:00,1790871720,TWLO,298.260009765625,298.4049987792969,298.17498779296875,298.17999267578125,3911
2026-10-01 12:23:00,1790871780,TWLO,298.17999267578125,299.57000732421875,297.8399963378906,299.3800048828125,13748
2026-10-01 12:24:00,1790871840,TWLO,299.3800048828125,299.8599853515625,298.6000061035156,299.260009765625,2392
2026-10-01 12:25:00,1790871900,TWLO,299.8500061035156,300.1199951171875,299.260009765625,299.8500061035156,4266
2026-10-01 12:26:00,1790871960,TWLO,299.7449951171875,300.17999267578125,299.7099914550781,299.8500061035156,1385
2026-10-01 12:27:00,1790872020,TWLO,299.8500061035156,300.2135009765625,299.76251220703125,299.885009765625,4044
2026-10-01 12:28:00,1790872080,TWLO,300.20001220703125,300.20001220703125,299.55999755859375,299.55999755859375,2447
2026-10-01 12:29:00,1790872140,TWLO,299.4100036621094,299.4100036621094,299.3299865722656,299.3299865722656,1269
2026-10-01 12:30:00,1790872200,TWLO,299.0400085449219,299.2593078613281,298.95001220703125,299.05999755859375,1846
2026-10-01 12:31:00,1790872260,TWLO,299.07501220703125,299.5299987792969,298.8500061035156,299.5299987792969,1826
2026-10-01 12:32:00,1790872320,TWLO,299.2449951171875,299.25,298.66009521484375,299.0400085449219,3907
2026-10-01 12:33:00,1790872380,TWLO,299.0199890136719,299.3500061035156,298.66009521484375,298.66009521484375,3045
2026-10-01 12:34:00,1790872440,TWLO,299.1700134277344,299.5,299.0950012207031,299.0950012207031,618
2026-10-01 12:35:00,1790872500,TWLO,299.090087890625,299.8999938964844,299.0899963378906,299.4501037597656,4332
2026-10-01 12:36:00,1790872560,TWLO,299.45001220703125,299.8500061035156,299.44500732421875,299.4800109863281,2249
2026-10-01 12:37:00,1790872620,TWLO,299.4800109863281,300.0,299.1400146484375,299.9700012207031,6167
2026-10-01 12:38:00,1790872680,TWLO,299.8900146484375,300.0,299.1600036621094,299.42498779296875,6093
2026-10-01 12:39:00,1790872740,TWLO,299.42498779296875,299.55999755859375,299.42498779296875,299.55999755859375,725
2026-10-01 12:40:00,1790872800,TWLO,299.4649963378906,299.4649963378906,298.9801025390625,299.4649963378906,854
2026-10-01 12:41:00,1790872860,TWLO,299.4700012207031,299.8900146484375,299.1401062011719,299.510009765625,2963
2026-10-01 12:42:00,1790872920,TWLO,299.4949951171875,299.4949951171875,299.42999267578125,299.42999267578125,1607
2026-10-01 12:43:00,1790872980,TWLO,299.6299133300781,299.6299133300781,299.1400146484375,299.45001220703125,1738
2026-10-01 12:44:00,1790873040,TWLO,299.1400146484375,299.2950134277344,299.1400146484375,299.2950134277344,2363
2026-10-01 12:45:00,1790873100,TWLO,299.4200134277344,299.71990966796875,299.1099853515625,299.4100036621094,3720
2026-10-01 12:46:00,1790873160,TWLO,299.7200012207031,299.7200012207031,299.17999267578125,299.4200134277344,1645
2026-10-01 12:47:00,1790873220,TWLO,299.4150085449219,299.5199890136719,299.385009765625,299.45001220703125,2032
2026-10-01 12:48:00,1790873280,TWLO,299.658203125,299.7300109863281,299.1300048828125,299.1400146484375,2233
2026-10-01 12:49:00,1790873340,TWLO,299.1000061035156,299.1600036621094,298.95001220703125,299.0199890136719,2736
2026-10-01 12:50:00,1790873400,TWLO,299.07501220703125,299.07501220703125,299.06500244140625,299.06500244140625,438
2026-10-01 12:51:00,1790873460,TWLO,299.0450134277344,299.0450134277344,298.8800048828125,298.93499755859375,1485
2026-10-01 12:52:00,1790873520,TWLO,298.92999267578125,299.0,298.5400085449219,298.6499938964844,9117
2026-10-01 12:53:00,1790873580,TWLO,298.6449890136719,298.6449890136719,298.6449890136719,298.6449890136719,972
2026-10-01 12:54:00,1790873640,TWLO,298.6099853515625,298.8399963378906,298.5,298.57501220703125,1725
2026-10-01 12:55:00,1790873700,TWLO,298.5450134277344,298.5450134277344,298.2300109863281,298.510009765625,3855
2026-10-01 12:56:00,1790873760,TWLO,298.260009765625,298.260009765625,297.710693359375,297.8450012207031,5856
2026-10-01 12:57:00,1790873820,TWLO,297.9049987792969,297.9049987792969,297.7950134277344,297.79998779296875,2551
2026-10-01 12:58:00,1790873880,TWLO,298.1199951171875,298.6400146484375,298.1199951171875,298.44000244140625,4774
2026-10-01 12:59:00,1790873940,TWLO,298.43499755859375,298.75,298.30999755859375,298.3100891113281,1953
2026-10-01 13:00:00,1790874000,TWLO,298.5400085449219,298.8599853515625,298.5400085449219,298.82000732421875,3030
2026-10-01 13:01:00,1790874060,TWLO,298.8699951171875,299.0400085449219,298.67999267578125,298.7850036621094,4016
2026-10-01 13:02:00,1790874120,TWLO,298.7900085449219,298.8699951171875,298.57000732421875,298.57000732421875,2933
2026-10-01 13:03:00,1790874180,TWLO,298.614990234375,298.7799987792969,298.6099853515625,298.7250061035156,3513
2026-10-01 13:04:00,1790874240,TWLO,298.760009765625,299.07000732421875,298.739990234375,298.80999755859375,2064
2026-10-01 13:05:00,1790874300,TWLO,299.07000732421875,299.2799987792969,299.0249938964844,299.0249938964844,6821
2026-10-01 13:06:00,1790874360,TWLO,299.1300048828125,299.1600036621094,298.4700012207031,298.7550048828125,6219
2026-10-01 13:07:00,1790874420,TWLO,298.75,298.75,298.69000244140625,298.69000244140625,901
2026-10-01 13:08:00,1790874480,TWLO,298.7449951171875,298.75,298.69000244140625,298.69000244140625,1059
2026-10-01 13:09:00,1790874540,TWLO,298.510009765625,298.6499938964844,298.5,298.6499938964844,2518
2026-10-01 13:10:00,1790874600,TWLO,298.989990234375,299.0,298.906494140625,298.906494140625,768
2026-10-01 13:11:00,1790874660,TWLO,298.8900146484375,299.4849853515625,298.7799987792969,299.4849853515625,4103
2026-10-01 13:12:00,1790874720,TWLO,299.32000732421875,299.8699951171875,299.32000732421875,299.42999267578125,8199
2026-10-01 13:13:00,1790874780,TWLO,299.2799987792969,299.55999755859375,299.010009765625,299.4198913574219,3806
2026-10-01 13:14:00,1790874840,TWLO,299.2149963378906,299.215087890625,298.75,298.75,4516
2026-10-01 13:15:00,1790874900,TWLO,298.69000244140625,298.9200134277344,298.07000732421875,298.9200134277344,4369
2026-10-01 13:16:00,1790874960,TWLO,299.1050109863281,299.1098937988281,298.42999267578125,298.4700012207031,6018
2026-10-01 13:17:00,1790875020,TWLO,298.8599853515625,299.06988525390625,298.4700012207031,298.57000732421875,2150
2026-10-01 13:18:00,1790875080,TWLO,298.57501220703125,299.4164123535156,298.57000732421875,299.4164123535156,2891
2026-10-01 13:19:00,1790875140,TWLO,298.81500244140625,299.25,298.44000244140625,298.9150085449219,3236
2026-10-01 13:20:00,1790875200,TWLO,298.9100036621094,299.3599853515625,298.9100036621094,299.1650085449219,2542
2026-10-01 13:21:00,1790875260,TWLO,299.1650085449219,299.409912109375,299.0199890136719,299.18499755859375,3341
2026-10-01 13:22:00,1790875320,TWLO,299.18499755859375,299.5150146484375,298.9700012207031,299.5150146484375,9279
2026-10-01 13:23:00,1790875380,TWLO,299.54998779296875,300.75,299.5199890136719,300.67999267578125,7751
2026-10-01 13:24:00,1790875440,TWLO,300.6499938964844,300.69000244140625,300.44000244140625,300.6449890136719,4256
2026-10-01 13:25:00,1790875500,TWLO,300.95001220703125,300.95001220703125,300.5150146484375,300.7799987792969,6005
2026-10-01 13:26:00,1790875560,TWLO,300.9200134277344,301.25,300.5000915527344,300.5000915527344,7309
2026-10-01 13:27:00,1790875620,TWLO,300.875,301.20989990234375,300.67999267578125,301.0757141113281,4751
2026-10-01 13:28:00,1790875680,TWLO,301.085693359375,301.085693359375,300.5101013183594,300.7200012207031,3503
2026-10-01 13:29:00,1790875740,TWLO,300.7200012207031,300.7200012207031,300.3299865722656,300.4200134277344,3115
2026-10-01 13:30:00,1790875800,TWLO,300.4075012207031,300.885009765625,300.25,300.6499938964844,3974
2026-10-01 13:31:00,1790875860,TWLO,300.6499938964844,301.2900085449219,300.4599914550781,300.4599914550781,2269
2026-10-01 13:32:00,1790875920,TWLO,300.8500061035156,301.0400085449219,300.28009033203125,301.0400085449219,5582
2026-10-01 13:33:00,1790875980,TWLO,300.32000732421875,300.6549987792969,300.32000732421875,300.5950927734375,2961
2026-10-01 13:34:00,1790876040,TWLO,300.82000732421875,300.8699951171875,300.3349914550781,300.3349914550781,2024
2026-10-01 13:35:00,1790876100,TWLO,300.29998779296875,300.98431396484375,299.9599914550781,300.68499755859375,8896
2026-10-01 13:36:00,1790876160,TWLO,300.5799865722656,301.3699951171875,300.5799865722656,301.32501220703125,5910
2026-10-01 13:37:00,1790876220,TWLO,301.1700134277344,301.19000244140625,300.8999938964844,301.0299987792969,3364
2026-10-01 13:38:00,1790876280,TWLO,300.760009765625,300.9700012207031,300.2200012207031,300.6000061035156,5096
2026-10-01 13:39:00,1790876340,TWLO,300.6199951171875,300.635009765625,300.6199951171875,300.635009765625,1014
2026-10-01 13:40:00,1790876400,TWLO,300.635009765625,300.82000732421875,300.614990234375,300.614990234375,1558
2026-10-01 13:41:00,1790876460,TWLO,300.635009765625,301.0950012207031,300.635009765625,301.0950012207031,2549
2026-10-01 13:42:00,1790876520,TWLO,301.17498779296875,301.5899963378906,300.7900085449219,301.2301025390625,3744
2026-10-01 13:43:00,1790876580,TWLO,301.43499755859375,301.54998779296875,301.239990234375,301.4200134277344,4146
2026-10-01 13:44:00,1790876640,TWLO,301.6099853515625,301.6099853515625,301.42498779296875,301.42498779296875,1658
2026-10-01 13:45:00,1790876700,TWLO,301.5799865722656,301.79998779296875,301.489990234375,301.69000244140625,6210
2026-10-01 13:46:00,1790876760,TWLO,301.6600036621094,301.6600036621094,301.6300048828125,301.635009765625,1778
2026-10-01 13:47:00,1790876820,TWLO,301.44000244140625,301.7699890136719,301.2300109863281,301.57000732421875,2855
2026-10-01 13:48:00,1790876880,TWLO,301.25,301.8999938964844,301.25,301.8999938964844,1689
2026-10-01 13:49:00,1790876940,TWLO,301.3599853515625,301.3599853515625,301.0799865722656,301.0799865722656,943
2026-10-01 13:50:00,1790877000,TWLO,301.28009033203125,301.28009033203125,301.0,301.17999267578125,3151
2026-10-01 13:51:00,1790877060,TWLO,301.3699951171875,301.989990234375,301.3699951171875,301.6600036621094,2643
2026-10-01 13:52:00,1790877120,TWLO,301.5,301.9599914550781,301.5,301.68499755859375,1757
2026-10-01 13:53:00,1790877180,TWLO,301.69000244140625,301.9800109863281,301.69000244140625,301.7099914550781,2921
2026-10-01 13:54:00,1790877240,TWLO,301.7149963378906,302.0,301.7149963378906,301.75,2172
2026-10-01 13:55:00,1790877300,TWLO,301.7550048828125,301.9200134277344,301.3949890136719,301.3949890136719,4089
2026-10-01 13:56:00,1790877360,TWLO,301.3900146484375,301.3949890136719,301.0201110839844,301.0201110839844,3632
2026-10-01 13:57:00,1790877420,TWLO,301.2449951171875,301.29998779296875,300.8800048828125,301.0450134277344,4151
2026-10-01 13:58:00,1790877480,TWLO,301.0450134277344,301.1499938964844,301.0450134277344,301.0450134277344,1058
2026-10-01 13:59:00,1790877540,TWLO,301.0450134277344,301.3299865722656,301.0450134277344,301.3299865722656,1180
2026-10-01 14:00:00,1790877600,TWLO,301.4800109863281,301.489990234375,301.2149963378906,301.42999267578125,2361
2026-10-01 14:01:00,1790877660,TWLO,301.989990234375,301.989990234375,300.9801025390625,300.9801025390625,2612
2026-10-01 14:02:00,1790877720,TWLO,301.04998779296875,301.6499938964844,300.8399963378906,300.9800109863281,2597
2026-10-01 14:03:00,1790877780,TWLO,300.9700012207031,300.9700012207031,300.79998779296875,300.79998779296875,411
2026-10-01 14:04:00,1790877840,TWLO,300.9700012207031,301.30999755859375,300.4599914550781,301.30999755859375,6104
2026-10-01 14:05:00,1790877900,TWLO,301.19500732421875,301.760009765625,301.1300048828125,301.1300048828125,1881
2026-10-01 14:06:00,1790877960,TWLO,300.80999755859375,301.1300048828125,300.239990234375,300.3533935546875,2401
2026-10-01 14:07:00,1790878020,TWLO,300.239990234375,300.489990234375,300.239990234375,300.4700927734375,2001
2026-10-01 14:08:00,1790878080,TWLO,300.4700012207031,300.4849853515625,300.2701110839844,300.2701110839844,1793
2026-10-01 14:09:00,1790878140,TWLO,300.5,300.7200012207031,300.5,300.6600036621094,1792
2026-10-01 14:10:00,1790878200,TWLO,300.625,300.625,300.55999755859375,300.6099853515625,1098
2026-10-01 14:11:00,1790878260,TWLO,300.32000732421875,300.32000732421875,300.32000732421875,300.32000732421875,575
2026-10-01 14:12:00,1790878320,TWLO,300.55499267578125,300.55499267578125,300.55499267578125,300.55499267578125,508
2026-10-01 14:13:00,1790878380,TWLO,300.30999755859375,301.4100036621094,300.30999755859375,300.9100036621094,2908
2026-10-01 14:14:00,1790878440,TWLO,300.92999267578125,301.489990234375,300.4700927734375,301.489990234375,2764
2026-10-01 14:15:00,1790878500,TWLO,301.5,301.989990234375,301.35009765625,301.9798889160156,3913
2026-10-01 14:16:00,1790878560,TWLO,301.67498779296875,301.67498779296875,301.3349914550781,301.3349914550781,14217
2026-10-01 14:17:00,1790878620,TWLO,301.3349914550781,301.7900085449219,301.32501220703125,301.56500244140625,4330
2026-10-01 14:18:00,1790878680,TWLO,301.56500244140625,301.94000244140625,301.2101135253906,301.67999267578125,5651
2026-10-01 14:19:00,1790878740,TWLO,301.5799865722656,301.5799865722656,301.2401123046875,301.5299987792969,2871
2026-10-01 14:20:00,1790878800,TWLO,301.5400085449219,301.6199951171875,301.2099914550781,301.25,4628
2026-10-01 14:21:00,1790878860,TWLO,301.2900085449219,301.5400085449219,301.2900085449219,301.489990234375,3363
2026-10-01 14:22:00,1790878920,TWLO,301.44000244140625,301.6400146484375,301.4200134277344,301.4200134277344,2742
2026-10-01 14:23:00,1790878980,TWLO,301.0700988769531,302.20001220703125,301.0700988769531,301.8550109863281,5564
2026-10-01 14:24:00,1790879040,TWLO,301.885009765625,302.3999938964844,301.885009765625,302.1499938964844,2159
2026-10-01 14:25:00,1790879100,TWLO,302.1499938964844,302.3999938964844,302.1099853515625,302.260009765625,2899
2026-10-01 14:26:00,1790879160,TWLO,302.260009765625,302.6300048828125,302.07000732421875,302.6300048828125,3981
2026-10-01 14:27:00,1790879220,TWLO,302.4150085449219,302.6099853515625,302.4100036621094,302.6099853515625,2353
2026-10-01 14:28:00,1790879280,TWLO,302.6099853515625,302.739990234375,302.0700988769531,302.5400085449219,4650
2026-10-01 14:29:00,1790879340,TWLO,302.5150146484375,302.5899963378906,302.4949951171875,302.4949951171875,1364
2026-10-01 14:30:00,1790879400,TWLO,302.55999755859375,302.6199951171875,302.3900146484375,302.3900146484375,2395
2026-10-01 14:31:00,1790879460,TWLO,302.3999938964844,302.4549865722656,302.3999938964844,302.4549865722656,846
2026-10-01 14:32:00,1790879520,TWLO,302.42999267578125,302.739990234375,302.29998779296875,302.625,3170
2026-10-01 14:33:00,1790879580,TWLO,302.625,302.6524963378906,302.55499267578125,302.6424865722656,4023
2026-10-01 14:34:00,1790879640,TWLO,302.8399963378906,302.9800109863281,302.3900146484375,302.8699951171875,8288
2026-10-01 14:35:00,1790879700,TWLO,302.7250061035156,302.9999084472656,302.6600036621094,302.7300109863281,2074
2026-10-01 14:36:00,1790879760,TWLO,302.989990234375,303.0,302.739990234375,302.9100036621094,6691
2026-10-01 14:37:00,1790879820,TWLO,302.9049987792969,302.93798828125,302.6499938964844,302.93798828125,1698
2026-10-01 14:38:00,1790879880,TWLO,302.79998779296875,302.82000732421875,302.6400146484375,302.7650146484375,14060
2026-10-01 14:39:00,1790879940,TWLO,302.7724914550781,303.6000061035156,302.760009765625,303.19000244140625,5118
2026-10-01 14:40:00,1790880000,TWLO,303.17999267578125,303.17999267578125,302.82000732421875,303.013916015625,2898
2026-10-01 14:41:00,1790880060,TWLO,302.94500732421875,302.95001220703125,302.94500732421875,302.95001220703125,902
2026-10-01 14:42:00,1790880120,TWLO,302.9549865722656,302.9549865722656,301.9100036621094,302.4800109863281,7215
2026-10-01 14:43:00,1790880180,TWLO,302.05999755859375,302.3800048828125,302.05999755859375,302.3399963378906,1862
2026-10-01 14:44:00,1790880240,TWLO,302.3550109863281,302.739990234375,302.3550109863281,302.739990234375,3634
2026-10-01 14:45:00,1790880300,TWLO,302.8500061035156,302.92999267578125,302.8500061035156,302.9150085449219,3294
2026-10-01 14:46:00,1790880360,TWLO,302.9224853515625,303.1300048828125,302.864990234375,302.8699951171875,2402
2026-10-01 14:47:00,1790880420,TWLO,302.875,302.875,302.8699951171875,302.8699951171875,896
2026-10-01 14:48:00,1790880480,TWLO,302.8399963378906,303.06500244140625,302.80999755859375,302.94000244140625,2849
2026-10-01 14:49:00,1790880540,TWLO,302.8900146484375,303.04998779296875,302.6600036621094,303.04998779296875,2085
2026-10-01 14:50:00,1790880600,TWLO,303.0899963378906,303.0899963378906,302.8800048828125,302.8800048828125,1849
2026-10-01 14:51:00,1790880660,TWLO,303.010009765625,303.0799865722656,302.0899963378906,302.0899963378906,7282
2026-10-01 14:52:00,1790880720,TWLO,302.6600036621094,302.6600036621094,302.3949890136719,302.3949890136719,1095
2026-10-01 14:53:00,1790880780,TWLO,302.4200134277344,302.4599914550781,302.4150085449219,302.4150085449219,1731
2026-10-01 14:54:00,1790880840,TWLO,302.6300048828125,303.0899963378906,302.6300048828125,302.92999267578125,2832
2026-10-01 14:55:00,1790880900,TWLO,303.010009765625,303.3399963378906,302.9804992675781,303.3399963378906,4485
2026-10-01 14:56:00,1790880960,TWLO,303.54998779296875,303.54998779296875,303.30999755859375,303.30999755859375,854
2026-10-01 14:57:00,1790881020,TWLO,303.2950134277344,303.30999755859375,303.2950134277344,303.30999755859375,1173
2026-10-01 14:58:00,1790881080,TWLO,303.2799987792969,303.2799987792969,303.2799987792969,303.2799987792969,825
2026-10-01 14:59:00,1790881140,TWLO,303.2799987792969,303.489990234375,303.2799987792969,303.30999755859375,1702
2026-10-01 15:00:00,1790881200,TWLO,303.489990234375,303.489990234375,303.2749938964844,303.2749938964844,1895
2026-10-01 15:01:00,1790881260,TWLO,303.2749938964844,303.2749938964844,303.0799865722656,303.0799865722656,3219
2026-10-01 15:02:00,1790881320,TWLO,302.9800109863281,303.20001220703125,302.9700012207031,303.20001220703125,4530
2026-10-01 15:03:00,1790881380,TWLO,303.260009765625,303.44000244140625,303.2449951171875,303.32501220703125,4607
2026-10-01 15:04:00,1790881440,TWLO,303.30999755859375,303.57000732421875,303.30999755859375,303.57000732421875,2998
2026-10-01 15:05:00,1790881500,TWLO,303.45001220703125,303.5899963378906,302.8800048828125,303.05999755859375,10432
2026-10-01 15:06:00,1790881560,TWLO,303.0150146484375,303.54998779296875,303.0150146484375,303.54998779296875,3622
2026-10-01 15:07:00,1790881620,TWLO,303.4100036621094,303.45001220703125,303.4100036621094,303.44500732421875,2437
2026-10-01 15:08:00,1790881680,TWLO,303.4700012207031,303.4700012207031,303.010009765625,303.1499938964844,9315
2026-10-01 15:09:00,1790881740,TWLO,303.1499938964844,303.4599914550781,303.1499938964844,303.30999755859375,2280
2026-10-01 15:10:00,1790881800,TWLO,303.29998779296875,303.4700012207031,302.7699890136719,302.7699890136719,3601
2026-10-01 15:11:00,1790881860,TWLO,302.7699890136719,302.94500732421875,302.5,302.5799865722656,4853
2026-10-01 15:12:00,1790881920,TWLO,302.760009765625,302.9100036621094,302.7550048828125,302.9100036621094,2102
2026-10-01 15:13:00,1790881980,TWLO,302.8800048828125,303.010009765625,302.8800048828125,303.010009765625,2033
2026-10-01 15:14:00,1790882040,TWLO,303.125,303.2499084472656,302.9032897949219,303.2499084472656,1532
2026-10-01 15:15:00,1790882100,TWLO,303.0799865722656,303.0799865722656,303.0050048828125,303.0050048828125,1402
2026-10-01 15:16:00,1790882160,TWLO,303.07000732421875,303.07000732421875,302.6000061035156,302.9700012207031,7196
2026-10-01 15:17:00,1790882220,TWLO,303.1600036621094,303.3699951171875,303.1600036621094,303.3699951171875,2615
2026-10-01 15:18:00,1790882280,TWLO,303.20001220703125,303.8299865722656,303.20001220703125,303.55999755859375,6407
2026-10-01 15:19:00,1790882340,TWLO,303.6300048828125,304.1199951171875,303.6300048828125,304.1199951171875,9021
2026-10-01 15:20:00,1790882400,TWLO,304.010009765625,304.07000732421875,303.8200988769531,303.8500061035156,11017
2026-10-01 15:21:00,1790882460,TWLO,303.9100036621094,304.159912109375,303.8299865722656,303.989990234375,5510
2026-10-01 15:22:00,1790882520,TWLO,303.9849853515625,304.30999755859375,303.82000732421875,304.17999267578125,9789
2026-10-01 15:23:00,1790882580,TWLO,304.0950012207031,304.1650085449219,303.5600891113281,303.8550109863281,9750
2026-10-01 15:24:00,1790882640,TWLO,303.8550109863281,303.875,303.760009765625,303.8699951171875,2489
2026-10-01 15:25:00,1790882700,TWLO,303.8599853515625,303.8599853515625,303.7300109863281,303.7799987792969,1911
2026-10-01 15:26:00,1790882760,TWLO,303.7799987792969,303.92999267578125,303.7799987792969,303.7950134277344,1963
2026-10-01 15:27:00,1790882820,TWLO,303.92999267578125,304.25,303.8399963378906,304.25,8520
2026-10-01 15:28:00,1790882880,TWLO,304.19000244140625,304.42999267578125,304.19000244140625,304.30999755859375,3902
2026-10-01 15:29:00,1790882940,TWLO,304.30999755859375,304.489990234375,304.29998779296875,304.4700012207031,2401
2026-10-01 15:30:00,1790883000,TWLO,304.30999755859375,305.4549865722656,304.30999755859375,305.37249755859375,19786
2026-10-01 15:31:00,1790883060,TWLO,305.3599853515625,305.95001220703125,305.3599853515625,305.95001220703125,9643
2026-10-01 15:32:00,1790883120,TWLO,305.875,305.875,305.07000732421875,305.4422912597656,11867
2026-10-01 15:33:00,1790883180,TWLO,305.2950134277344,305.29998779296875,305.07000732421875,305.1000061035156,4632
2026-10-01 15:34:00,1790883240,TWLO,305.1000061035156,305.42999267578125,304.9100036621094,305.0,8447
2026-10-01 15:35:00,1790883300,TWLO,305.0400085449219,305.19989013671875,304.82000732421875,304.8399963378906,6226
2026-10-01 15:36:00,1790883360,TWLO,304.760009765625,304.9898986816406,304.55999755859375,304.7650146484375,2201
2026-10-01 15:37:00,1790883420,TWLO,304.5400085449219,304.8699951171875,304.5400085449219,304.8699951171875,3762
2026-10-01 15:38:00,1790883480,TWLO,304.6449890136719,304.95001220703125,304.6449890136719,304.8299865722656,4456
2026-10-01 15:39:00,1790883540,TWLO,304.82000732421875,304.8299865722656,304.4800109863281,304.6050109863281,4319
2026-10-01 15:40:00,1790883600,TWLO,304.45001220703125,304.639892578125,304.0421142578125,304.2799987792969,6749
2026-10-01 15:41:00,1790883660,TWLO,304.3599853515625,304.45001220703125,304.1700134277344,304.3500061035156,5113
2026-10-01 15:42:00,1790883720,TWLO,304.2900085449219,304.510009765625,304.04998779296875,304.2300109863281,9506
2026-10-01 15:43:00,1790883780,TWLO,304.30999755859375,304.3800048828125,304.19500732421875,304.19500732421875,3253
2026-10-01 15:44:00,1790883840,TWLO,304.19500732421875,304.3699951171875,304.0,304.17498779296875,7253
2026-10-01 15:45:00,1790883900,TWLO,304.17999267578125,304.5,303.989990234375,304.4049987792969,8720
2026-10-01 15:46:00,1790883960,TWLO,304.4049987792969,304.5,304.0975036621094,304.0975036621094,7932
2026-10-01 15:47:00,1790884020,TWLO,304.29998779296875,304.3500061035156,303.8999938964844,304.0150146484375,12329
2026-10-01 15:48:00,1790884080,TWLO,304.20001220703125,304.55499267578125,304.1650085449219,304.5050048828125,11718
2026-10-01 15:49:00,1790884140,TWLO,304.5150146484375,304.67999267578125,303.7300109863281,303.7300109863281,9045
2026-10-01 15:50:00,1790884200,TWLO,303.57501220703125,303.760009765625,303.5299987792969,303.55999755859375,3499
2026-10-01 15:51:00,1790884260,TWLO,303.54998779296875,303.54998779296875,303.0,303.32000732421875,18192
2026-10-01 15:52:00,1790884320,TWLO,303.19000244140625,303.3349914550781,303.1499938964844,303.19500732421875,6355
2026-10-01 15:53:00,1790884380,TWLO,303.20001220703125,303.20001220703125,302.1300964355469,302.5400085449219,21649
2026-10-01 15:54:00,1790884440,TWLO,302.42999267578125,302.8699951171875,302.1700134277344,302.18499755859375,14517
2026-10-01 15:55:00,1790884500,TWLO,302.32000732421875,302.32000732421875,301.82000732421875,302.0050048828125,20851
2026-10-01 15:56:00,1790884560,TWLO,301.989990234375,302.07000732421875,301.885009765625,302.0400085449219,15252
2026-10-01 15:57:00,1790884620,TWLO,302.0150146484375,302.0150146484375,301.2699890136719,301.70001220703125,31011
2026-10-01 15:58:00,1790884680,TWLO,301.69000244140625,301.8800048828125,301.20001220703125,301.20001220703125,64174
2026-10-01 15:59:00,1790884740,TWLO,301.2250061035156,301.6300048828125,300.8900146484375,301.2900085449219,88242
2026-10-01 16:00:00,1790884800,TWLO,301.2699890136719,301.2699890136719,301.2699890136719,301.2699890136719,0
2026-10-02 09:30:00,1790947800,TWLO,301.4700012207031,303.9989929199219,301.4700012207031,303.010009765625,73412
2026-10-02 09:31:00,1790947860,TWLO,303.1000061035156,304.7799987792969,303.1000061035156,304.3550109863281,28108
2026-10-02 09:32:00,1790947920,TWLO,305.30999755859375,305.6600036621094,303.6600036621094,303.6700134277344,24883
2026-10-02 09:33:00,1790947980,TWLO,303.1300048828125,304.8599853515625,302.6199951171875,303.4599914550781,15214
2026-10-02 09:34:00,1790948040,TWLO,302.8599853515625,303.322509765625,302.05999755859375,303.2749938964844,23084
2026-10-02 09:35:00,1790948100,TWLO,302.3599853515625,304.1400146484375,302.0,303.19000244140625,13587
2026-10-02 09:36:00,1790948160,TWLO,303.17498779296875,303.7900085449219,301.57000732421875,301.7200012207031,9679
2026-10-02 09:37:00,1790948220,TWLO,301.7300109863281,302.8599853515625,301.2900085449219,301.9049987792969,12414
2026-10-02 09:38:00,1790948280,TWLO,301.239990234375,302.2799072265625,301.0299987792969,301.0299987792969,5608
2026-10-02 09:39:00,1790948340,TWLO,301.5,302.0299987792969,300.3500061035156,300.3500061035156,10654
2026-10-02 09:40:00,1790948400,TWLO,300.3399963378906,300.8599853515625,298.9599914550781,299.8500061035156,15240
2026-10-02 09:41:00,1790948460,TWLO,299.57000732421875,300.6700134277344,298.76239013671875,300.1449890136719,12262
2026-10-02 09:42:00,1790948520,TWLO,300.6499938964844,300.6700134277344,299.55999755859375,300.2799987792969,6984
2026-10-02 09:43:00,1790948580,TWLO,300.2349853515625,300.2349853515625,298.0,298.1700134277344,6337
2026-10-02 09:44:00,1790948640,TWLO,298.42999267578125,298.6059875488281,294.70001220703125,297.6499938964844,39532
2026-10-02 09:45:00,1790948700,TWLO,295.8599853515625,295.9150085449219,294.56500244140625,295.260009765625,10500
2026-10-02 09:46:00,1790948760,TWLO,295.8800048828125,295.8800048828125,292.67999267578125,293.92498779296875,27065
2026-10-02 09:47:00,1790948820,TWLO,293.7349853515625,294.82501220703125,293.7349853515625,294.35980224609375,5600
2026-10-02 09:48:00,1790948880,TWLO,294.2900085449219,294.7698974609375,293.3999938964844,293.5299987792969,9648
2026-10-02 09:49:00,1790948940,TWLO,294.07501220703125,295.0799865722656,294.07501220703125,294.7099914550781,9385
2026-10-02 09:50:00,1790949000,TWLO,294.1099853515625,294.5400085449219,293.5849914550781,294.1300048828125,15118
2026-10-02 09:51:00,1790949060,TWLO,293.797607421875,294.6300048828125,293.57000732421875,294.42498779296875,8072
2026-10-02 09:52:00,1790949120,TWLO,295.19000244140625,296.0199890136719,294.8500061035156,295.4049987792969,5600
2026-10-02 09:53:00,1790949180,TWLO,295.0400085449219,295.79998779296875,295.0,295.44500732421875,5093
2026-10-02 09:54:00,1790949240,TWLO,295.79998779296875,297.1106872558594,295.79998779296875,296.5350036621094,9510
2026-10-02 09:55:00,1790949300,TWLO,296.739990234375,297.0,296.5350036621094,296.82501220703125,21201
2026-10-02 09:56:00,1790949360,TWLO,296.8299865722656,297.6000061035156,296.82000732421875,297.4075012207031,12174
2026-10-02 09:57:00,1790949420,TWLO,297.3800048828125,299.260009765625,297.3800048828125,299.260009765625,7495
2026-10-02 09:58:00,1790949480,TWLO,299.2349853515625,299.9800109863281,298.8800048828125,298.8800048828125,3679
2026-10-02 09:59:00,1790949540,TWLO,298.6700134277344,299.5199890136719,298.5400085449219,299.2699890136719,4881
2026-10-02 10:00:00,1790949600,TWLO,299.2699890136719,300.4200134277344,298.7699890136719,300.010009765625,11808
2026-10-02 10:01:00,1790949660,TWLO,300.57000732421875,300.57000732421875,299.3299865722656,299.5199890136719,7326
2026-10-02 10:02:00,1790949720,TWLO,300.0086975097656,300.0086975097656,299.1700134277344,299.8949890136719,2259
2026-10-02 10:03:00,1790949780,TWLO,299.2049865722656,299.9700012207031,299.1700134277344,299.92498779296875,4173
2026-10-02 10:04:00,1790949840,TWLO,300.1300048828125,300.6400146484375,299.2900085449219,299.7699890136719,5791
2026-10-02 10:05:00,1790949900,TWLO,299.70001220703125,299.7749938964844,298.70001220703125,298.92498779296875,7164
2026-10-02 10:06:00,1790949960,TWLO,298.4700012207031,298.4700012207031,295.5,296.0625,21663
2026-10-02 10:07:00,1790950020,TWLO,296.05999755859375,296.5899963378906,295.5,296.06500244140625,6700
2026-10-02 10:08:00,1790950080,TWLO,296.07000732421875,296.6099853515625,296.07000732421875,296.0899963378906,5135
2026-10-02 10:09:00,1790950140,TWLO,296.3550109863281,296.3550109863281,295.57000732421875,295.57000732421875,3708
2026-10-02 10:10:00,1790950200,TWLO,295.92498779296875,296.92999267578125,295.5799865722656,296.92999267578125,11228
2026-10-02 10:11:00,1790950260,TWLO,295.94000244140625,296.9299011230469,295.45001220703125,295.80999755859375,11406
2026-10-02 10:12:00,1790950320,TWLO,296.19000244140625,296.19000244140625,294.4599914550781,294.7250061035156,59579
2026-10-02 10:13:00,1790950380,TWLO,294.32000732421875,294.9100036621094,294.1200866699219,294.5199890136719,3413
2026-10-02 10:14:00,1790950440,TWLO,294.5199890136719,294.8999938964844,294.0899963378906,294.4700012207031,8220
2026-10-02 10:15:00,1790950500,TWLO,294.17010498046875,294.8999938964844,294.17010498046875,294.6499938964844,9188
2026-10-02 10:16:00,1790950560,TWLO,294.6549987792969,294.9798889160156,294.6499938964844,294.6499938964844,2952
2026-10-02 10:17:00,1790950620,TWLO,294.6400146484375,294.94000244140625,294.54998779296875,294.94000244140625,3927
2026-10-02 10:18:00,1790950680,TWLO,294.5400085449219,295.3374938964844,294.3399963378906,295.3374938964844,106602
2026-10-02 10:19:00,1790950740,TWLO,295.385009765625,296.19000244140625,295.2449951171875,296.135009765625,6038
2026-10-02 10:20:00,1790950800,TWLO,296.409912109375,296.4700012207031,295.8399963378906,295.9599914550781,7666
2026-10-02 10:21:00,1790950860,TWLO,295.9599914550781,297.0899963378906,295.9599914550781,297.0899963378906,2188
2026-10-02 10:22:00,1790950920,TWLO,296.7449951171875,296.93499755859375,296.2300109863281,296.93499755859375,7144
2026-10-02 10:23:00,1790950980,TWLO,296.9599914550781,297.1499938964844,296.3599853515625,296.7200012207031,5546
2026-10-02 10:24:00,1790951040,TWLO,296.5,297.20001220703125,296.5,297.19000244140625,3895
2026-10-02 10:25:00,1790951100,TWLO,297.4100036621094,297.5199890136719,297.2950134277344,297.4425048828125,3953
2026-10-02 10:26:00,1790951160,TWLO,297.1000061035156,298.0299987792969,297.010009765625,298.0299987792969,4898
2026-10-02 10:27:00,1790951220,TWLO,297.8500061035156,297.8500061035156,297.5,297.5,5680
2026-10-02 10:28:00,1790951280,TWLO,297.510009765625,297.510009765625,296.5199890136719,296.5199890136719,11712
2026-10-02 10:29:00,1790951340,TWLO,296.6600036621094,296.6700134277344,294.79998779296875,294.9750061035156,13587
2026-10-02 10:30:00,1790951400,TWLO,294.9549865722656,295.17498779296875,294.6000061035156,294.9200134277344,5746
2026-10-02 10:31:00,1790951460,TWLO,294.9200134277344,295.5899963378906,294.9200134277344,295.44000244140625,13640
2026-10-02 10:32:00,1790951520,TWLO,295.4200134277344,295.7900085449219,295.4150085449219,295.5,2701
2026-10-02 10:33:00,1790951580,TWLO,295.5050048828125,295.5050048828125,295.1000061035156,295.260009765625,2838
2026-10-02 10:34:00,1790951640,TWLO,295.1000061035156,295.5899963378906,295.0799865722656,295.5299987792969,5233
2026-10-02 10:35:00,1790951700,TWLO,295.70001220703125,296.29998779296875,295.6099853515625,295.7349853515625,7515
2026-10-02 10:36:00,1790951760,TWLO,295.7300109863281,295.7799987792969,295.32501220703125,295.32501220703125,7678
2026-10-02 10:37:00,1790951820,TWLO,295.5899963378906,295.6400146484375,295.25,295.55999755859375,2890
2026-10-02 10:38:00,1790951880,TWLO,295.5249938964844,295.5799865722656,295.30999755859375,295.30999755859375,2298
2026-10-02 10:39:00,1790951940,TWLO,295.4049987792969,295.4049987792969,295.19000244140625,295.19000244140625,2524
2026-10-02 10:40:00,1790952000,TWLO,295.2799987792969,295.8900146484375,295.17999267578125,295.8900146484375,4134
2026-10-02 10:41:00,1790952060,TWLO,295.8349914550781,296.1700134277344,295.4849853515625,295.5450134277344,6883
2026-10-02 10:42:00,1790952120,TWLO,295.5400085449219,295.5400085449219,295.5199890136719,295.5199890136719,2693
2026-10-02 10:43:00,1790952180,TWLO,295.54998779296875,295.635009765625,295.2699890136719,295.6000061035156,2810
2026-10-02 10:44:00,1790952240,TWLO,295.3949890136719,296.0249938964844,295.05999755859375,296.0249938964844,13425
2026-10-02 10:45:00,1790952300,TWLO,295.99749755859375,296.1600036621094,295.6618957519531,295.6618957519531,17690
2026-10-02 10:46:00,1790952360,TWLO,295.8800048828125,296.5400085449219,295.6099853515625,296.45001220703125,2412
2026-10-02 10:47:00,1790952420,TWLO,296.44500732421875,296.44500732421875,295.7049865722656,296.05999755859375,7569
2026-10-02 10:48:00,1790952480,TWLO,296.07501220703125,296.114990234375,295.739990234375,295.8949890136719,2166
2026-10-02 10:49:00,1790952540,TWLO,295.8949890136719,296.489990234375,295.8949890136719,296.489990234375,2702
2026-10-02 10:50:00,1790952600,TWLO,296.3599853515625,297.0299987792969,296.2684020996094,296.82000732421875,2798
2026-10-02 10:51:00,1790952660,TWLO,296.8900146484375,296.8900146484375,296.8900146484375,296.8900146484375,1416
2026-10-02 10:52:00,1790952720,TWLO,297.19000244140625,297.57000732421875,296.92999267578125,296.92999267578125,2524
2026-10-02 10:53:00,1790952780,TWLO,296.9800109863281,297.9200134277344,296.8901062011719,297.4800109863281,13082
2026-10-02 10:54:00,1790952840,TWLO,297.5,297.5050048828125,296.92498779296875,296.92498779296875,18802
2026-10-02 10:55:00,1790952900,TWLO,296.8999938964844,297.05999755859375,296.8100891113281,296.8100891113281,7482
2026-10-02 10:56:00,1790952960,TWLO,297.3999938964844,298.125,297.3999938964844,298.125,4408
2026-10-02 10:57:00,1790953020,TWLO,298.30499267578125,298.32501220703125,298.0033874511719,298.0033874511719,2768
2026-10-02 10:58:00,1790953080,TWLO,297.94000244140625,298.2300109863281,297.94000244140625,298.2300109863281,2548
2026-10-02 10:59:00,1790953140,TWLO,298.5,298.6899108886719,298.135009765625,298.2900085449219,6433
2026-10-02 11:00:00,1790953200,TWLO,298.25,298.2850036621094,298.05999755859375,298.17999267578125,1696
2026-10-02 11:01:00,1790953260,TWLO,297.95001220703125,298.05499267578125,297.05999755859375,297.3949890136719,10764
2026-10-02 11:02:00,1790953320,TWLO,297.17999267578125,297.44989013671875,296.8200988769531,297.19500732421875,6409
2026-10-02 11:03:00,1790953380,TWLO,297.18499755859375,297.4700012207031,297.18499755859375,297.2099914550781,3405
2026-10-02 11:04:00,1790953440,TWLO,297.4599914550781,297.4700012207031,297.2099914550781,297.44500732421875,4240
2026-10-02 11:05:00,1790953500,TWLO,297.20001220703125,297.2699890136719,297.0199890136719,297.1400146484375,4801
2026-10-02 11:06:00,1790953560,TWLO,296.92999267578125,297.0050048828125,296.5,296.6099853515625,3295
2026-10-02 11:07:00,1790953620,TWLO,296.6449890136719,296.6499938964844,296.07000732421875,296.3299865722656,6630
2026-10-02 11:08:00,1790953680,TWLO,296.3900146484375,296.6499938964844,296.29998779296875,296.4200134277344,2872
2026-10-02 11:09:00,1790953740,TWLO,296.6499938964844,296.6499938964844,295.79998779296875,296.2149963378906,9190
2026-10-02 11:10:00,1790953800,TWLO,296.010009765625,296.06500244140625,295.2799987792969,295.4849853515625,9090
2026-10-02 11:11:00,1790953860,TWLO,295.69000244140625,296.1000061035156,295.6600036621094,295.6600036621094,3366
2026-10-02 11:12:00,1790953920,TWLO,295.760009765625,295.760009765625,295.3349914550781,295.4750061035156,5831
2026-10-02 11:13:00,1790953980,TWLO,295.510009765625,295.99749755859375,295.4049987792969,295.89898681640625,3820
2026-10-02 11:14:00,1790954040,TWLO,295.9750061035156,295.9849853515625,295.78729248046875,295.93499755859375,3112
2026-10-02 11:15:00,1790954100,TWLO,296.0400085449219,296.07000732421875,295.6499938964844,295.7900085449219,6151
2026-10-02 11:16:00,1790954160,TWLO,295.80999755859375,295.80999755859375,295.5299987792969,295.55499267578125,4370
2026-10-02 11:17:00,1790954220,TWLO,295.6650085449219,295.6650085449219,295.2900085449219,295.5899963378906,3051
2026-10-02 11:18:00,1790954280,TWLO,295.510009765625,296.1600036621094,295.510009765625,296.1600036621094,5484
2026-10-02 11:19:00,1790954340,TWLO,296.07000732421875,296.4049987792969,295.95001220703125,296.1000061035156,4930
2026-10-02 11:20:00,1790954400,TWLO,296.135009765625,296.135009765625,295.95001220703125,295.9599914550781,1151
2026-10-02 11:21:00,1790954460,TWLO,296.0150146484375,296.5799865722656,296.0150146484375,296.5799865722656,2852
2026-10-02 11:22:00,1790954520,TWLO,296.489990234375,296.489990234375,296.0400085449219,296.19000244140625,3801
2026-10-02 11:23:00,1790954580,TWLO,295.989990234375,296.05999755859375,295.4599914550781,295.8450012207031,7714
2026-10-02 11:24:00,1790954640,TWLO,295.6650085449219,295.6650085449219,294.6099853515625,294.822509765625,3313
2026-10-02 11:25:00,1790954700,TWLO,294.7799987792969,294.8399963378906,294.67498779296875,294.8299865722656,2687
2026-10-02 11:26:00,1790954760,TWLO,294.8349914550781,294.8349914550781,294.6000061035156,294.6000061035156,3474
2026-10-02 11:27:00,1790954820,TWLO,294.625,294.6300048828125,294.3699951171875,294.625,4222
2026-10-02 11:28:00,1790954880,TWLO,294.7900085449219,294.8999938964844,294.5249938964844,294.7900085449219,4179
2026-10-02 11:29:00,1790954940,TWLO,294.8500061035156,295.5199890136719,294.8500061035156,295.5199890136719,2693
2026-10-02 11:30:00,1790955000,TWLO,295.4700012207031,295.4700012207031,295.1499938964844,295.2449951171875,1714
2026-10-02 11:31:00,1790955060,TWLO,295.30999755859375,295.5299987792969,295.30999755859375,295.5299987792969,1610
2026-10-02 11:32:00,1790955120,TWLO,295.5450134277344,295.8900146484375,294.9649963378906,294.9700012207031,3931
2026-10-02 11:33:00,1790955180,TWLO,294.9800109863281,295.30999755859375,294.82000732421875,294.82000732421875,3629
2026-10-02 11:34:00,1790955240,TWLO,295.0249938964844,295.1724853515625,295.0249938964844,295.1724853515625,1686
2026-10-02 11:35:00,1790955300,TWLO,294.70001220703125,294.82000732421875,294.70001220703125,294.82000732421875,1567
2026-10-02 11:36:00,1790955360,TWLO,294.82000732421875,295.29998779296875,294.82000732421875,295.29998779296875,3025
2026-10-02 11:37:00,1790955420,TWLO,295.0199890136719,295.42498779296875,295.0,295.0,2737
2026-10-02 11:38:00,1790955480,TWLO,295.0,295.614990234375,295.0,295.56500244140625,2996
2026-10-02 11:39:00,1790955540,TWLO,295.6300048828125,295.6400146484375,295.3500061035156,295.3500061035156,1618
2026-10-02 11:40:00,1790955600,TWLO,295.3599853515625,295.45001220703125,295.1449890136719,295.2699890136719,1809
2026-10-02 11:41:00,1790955660,TWLO,295.0899963378906,295.3900146484375,295.0899963378906,295.3450012207031,2686
2026-10-02 11:42:00,1790955720,TWLO,295.30999755859375,295.7300109863281,294.9100036621094,295.0799865722656,1927
2026-10-02 11:43:00,1790955780,TWLO,295.1199951171875,295.1400146484375,294.79998779296875,294.79998779296875,3740
2026-10-02 11:44:00,1790955840,TWLO,294.67498779296875,294.75,294.5,294.75,2809
2026-10-02 11:45:00,1790955900,TWLO,294.7900085449219,294.8999938964844,294.7850036621094,294.8999938964844,1627
2026-10-02 11:46:00,1790955960,TWLO,294.9200134277344,295.4949951171875,294.9200134277344,295.4624938964844,1991
2026-10-02 11:47:00,1790956020,TWLO,295.45001220703125,295.45001220703125,294.5400085449219,294.63751220703125,3786
2026-10-02 11:48:00,1790956080,TWLO,294.6300048828125,294.80999755859375,294.55999755859375,294.7099914550781,1986
2026-10-02 11:49:00,1790956140,TWLO,294.7449951171875,294.875,294.5,294.5,2985
2026-10-02 11:50:00,1790956200,TWLO,294.5799865722656,294.6400146484375,294.2650146484375,294.54998779296875,4863
2026-10-02 11:51:00,1790956260,TWLO,294.6400146484375,294.6549987792969,294.56500244140625,294.6549987792969,2105
2026-10-02 11:52:00,1790956320,TWLO,294.635009765625,294.69000244140625,294.635009765625,294.69000244140625,617
2026-10-02 11:53:00,1790956380,TWLO,294.635009765625,294.82000732421875,294.3299865722656,294.3299865722656,3962
2026-10-02 11:54:00,1790956440,TWLO,294.3450012207031,294.3800048828125,294.1700134277344,294.2900085449219,2398
2026-10-02 11:55:00,1790956500,TWLO,294.2049865722656,294.2300109863281,294.2049865722656,294.2300109863281,513
2026-10-02 11:56:00,1790956560,TWLO,294.2049865722656,294.3999938964844,294.05999755859375,294.2049865722656,3757
2026-10-02 11:57:00,1790956620,TWLO,294.19500732421875,294.2250061035156,294.0950012207031,294.0950012207031,2085
2026-10-02 11:58:00,1790956680,TWLO,294.0199890136719,294.0199890136719,293.79998779296875,293.79998779296875,3803
2026-10-02 11:59:00,1790956740,TWLO,293.8699951171875,294.6000061035156,293.8599853515625,294.6000061035156,63922
2026-10-02 12:00:00,1790956800,TWLO,294.3699951171875,294.510009765625,294.3399963378906,294.3399963378906,1592
2026-10-02 12:01:00,1790956860,TWLO,294.2099914550781,294.3324890136719,294.1000061035156,294.3324890136719,6284
2026-10-02 12:02:00,1790956920,TWLO,294.3550109863281,294.4949951171875,294.3500061035156,294.4949951171875,2004
2026-10-02 12:03:00,1790956980,TWLO,294.5249938964844,295.0799865722656,294.5249938964844,294.94000244140625,7665
2026-10-02 12:04:00,1790957040,TWLO,294.75,294.80499267578125,294.57000732421875,294.75,2773
2026-10-02 12:05:00,1790957100,TWLO,294.7950134277344,294.7950134277344,294.7550048828125,294.7550048828125,981
2026-10-02 12:06:00,1790957160,TWLO,294.7749938964844,294.989990234375,294.7049865722656,294.739990234375,2587
2026-10-02 12:07:00,1790957220,TWLO,294.7650146484375,295.19500732421875,294.7650146484375,295.19500732421875,3293
2026-10-02 12:08:00,1790957280,TWLO,294.9200134277344,295.17999267578125,294.6300048828125,295.0799865722656,5086
2026-10-02 12:09:00,1790957340,TWLO,295.1650085449219,295.489990234375,295.1650085449219,295.17999267578125,1477
2026-10-02 12:10:00,1790957400,TWLO,295.42999267578125,295.45001220703125,295.19000244140625,295.2049865722656,3379
2026-10-02 12:11:00,1790957460,TWLO,295.2099914550781,295.489990234375,295.2099914550781,295.45001220703125,4454
2026-10-02 12:12:00,1790957520,TWLO,295.2099914550781,295.2200012207031,295.1000061035156,295.1000061035156,2001
2026-10-02 12:13:00,1790957580,TWLO,295.0400085449219,295.20001220703125,294.864990234375,295.20001220703125,4927
2026-10-02 12:14:00,1790957640,TWLO,295.18499755859375,295.18499755859375,295.04998779296875,295.04998779296875,892
2026-10-02 12:15:00,1790957700,TWLO,295.1025085449219,295.45001220703125,295.0874938964844,295.3500061035156,1401
2026-10-02 12:16:00,1790957760,TWLO,295.3399963378906,295.3949890136719,295.260009765625,295.3443908691406,1991
2026-10-02 12:17:00,1790957820,TWLO,294.95001220703125,295.25,294.95001220703125,295.25,1038
2026-10-02 12:18:00,1790957880,TWLO,295.1000061035156,295.1000061035156,294.79998779296875,294.79998779296875,3954
2026-10-02 12:19:00,1790957940,TWLO,294.9599914550781,295.04998779296875,294.8550109863281,294.8550109863281,1467
2026-10-02 12:20:00,1790958000,TWLO,294.94000244140625,295.0199890136719,294.875,295.0199890136719,1710
2026-10-02 12:21:00,1790958060,TWLO,294.7616882324219,294.7616882324219,294.7616882324219,294.7616882324219,899
2026-10-02 12:22:00,1790958120,TWLO,294.67999267578125,294.7200012207031,294.37249755859375,294.38250732421875,6191
2026-10-02 12:23:00,1790958180,TWLO,294.6199951171875,294.8699951171875,294.6199951171875,294.8699951171875,1322
2026-10-02 12:24:00,1790958240,TWLO,294.4800109863281,294.69000244140625,294.4800109863281,294.67498779296875,2860
2026-10-02 12:25:00,1790958300,TWLO,294.6499938964844,294.6499938964844,294.5150146484375,294.5150146484375,1671
2026-10-02 12:26:00,1790958360,TWLO,294.5150146484375,294.8599853515625,294.5150146484375,294.57000732421875,3947
2026-10-02 12:27:00,1790958420,TWLO,294.44000244140625,294.70001220703125,294.42999267578125,294.70001220703125,6002
2026-10-02 12:28:00,1790958480,TWLO,294.8399963378906,295.0,294.510009765625,294.9150085449219,4862
2026-10-02 12:29:00,1790958540,TWLO,294.9100036621094,294.9150085449219,294.6600036621094,294.8299865722656,4392
2026-10-02 12:30:00,1790958600,TWLO,294.8299865722656,295.19500732421875,294.7699890136719,295.17498779296875,5758
2026-10-02 12:31:00,1790958660,TWLO,295.17498779296875,295.24749755859375,294.9801025390625,295.17999267578125,4051
2026-10-02 12:32:00,1790958720,TWLO,295.3699951171875,295.70989990234375,295.17999267578125,295.4700012207031,3227
2026-10-02 12:33:00,1790958780,TWLO,295.4649963378906,295.5899963378906,295.3699951171875,295.4800109863281,2274
2026-10-02 12:34:00,1790958840,TWLO,295.3999938964844,295.3999938964844,295.239990234375,295.30499267578125,2537
2026-10-02 12:35:00,1790958900,TWLO,295.3424987792969,295.760009765625,295.3399963378906,295.44000244140625,3691
2026-10-02 12:36:00,1790958960,TWLO,295.7099914550781,295.7099914550781,295.3599853515625,295.45001220703125,2613
2026-10-02 12:37:00,1790959020,TWLO,295.2900085449219,295.4599914550781,295.1700134277344,295.42498779296875,3443
2026-10-02 12:38:00,1790959080,TWLO,295.6319885253906,295.82000732421875,295.4150085449219,295.7850036621094,5193
2026-10-02 12:39:00,1790959140,TWLO,295.6300048828125,295.6449890136719,295.2099914550781,295.2488098144531,4345
2026-10-02 12:40:00,1790959200,TWLO,295.1700134277344,295.1700134277344,294.40020751953125,294.6400146484375,43376
2026-10-02 12:41:00,1790959260,TWLO,294.7349853515625,294.7349853515625,293.75,293.75,38976
2026-10-02 12:42:00,1790959320,TWLO,293.510009765625,294.5899963378906,293.40008544921875,293.40008544921875,19815
2026-10-02 12:43:00,1790959380,TWLO,293.7200012207031,293.760009765625,293.3599853515625,293.4800109863281,4791
2026-10-02 12:44:00,1790959440,TWLO,293.364990234375,294.1700134277344,293.1619873046875,293.80499267578125,8715
2026-10-02 12:45:00,1790959500,TWLO,293.80499267578125,294.30999755859375,293.69000244140625,294.30999755859375,4471
2026-10-02 12:46:00,1790959560,TWLO,294.32000732421875,294.6698913574219,293.8399963378906,294.45001220703125,20664
2026-10-02 12:47:00,1790959620,TWLO,294.44500732421875,295.0400085449219,294.44500732421875,295.0050048828125,4922
2026-10-02 12:48:00,1790959680,TWLO,295.3800048828125,295.6600036621094,295.3800048828125,295.6600036621094,2220
2026-10-02 12:49:00,1790959740,TWLO,295.2699890136719,295.5174865722656,295.260009765625,295.2850036621094,3096
2026-10-02 12:50:00,1790959800,TWLO,295.2049865722656,295.79998779296875,295.2049865722656,295.79998779296875,3560
2026-10-02 12:51:00,1790959860,TWLO,295.614990234375,296.0,295.614990234375,295.7101135253906,4027
2026-10-02 12:52:00,1790959920,TWLO,295.5400085449219,295.6050109863281,295.4150085449219,295.4150085449219,992
2026-10-02 12:53:00,1790959980,TWLO,295.44000244140625,295.70001220703125,295.43499755859375,295.67999267578125,2161
2026-10-02 12:54:00,1790960040,TWLO,295.6000061035156,296.010009765625,295.6000061035156,295.6600036621094,3010
2026-10-02 12:55:00,1790960100,TWLO,295.614990234375,295.6888122558594,295.4700012207031,295.55999755859375,4995
2026-10-02 12:56:00,1790960160,TWLO,295.6400146484375,295.6650085449219,295.54998779296875,295.54998779296875,1539
2026-10-02 12:57:00,1790960220,TWLO,295.6099853515625,295.7699890136719,295.6099853515625,295.7699890136719,2735
2026-10-02 12:58:00,1790960280,TWLO,295.8399963378906,295.8500061035156,295.6099853515625,295.7900085449219,2951
2026-10-02 12:59:00,1790960340,TWLO,295.7699890136719,295.7699890136719,294.5799865722656,294.82000732421875,6879
2026-10-02 13:00:00,1790960400,TWLO,295.0,295.0,294.239990234375,294.6300048828125,5132
2026-10-02 13:01:00,1790960460,TWLO,294.6549987792969,294.9100036621094,294.6549987792969,294.7149963378906,1921
2026-10-02 13:02:00,1790960520,TWLO,294.5199890136719,294.75,294.4649963378906,294.4649963378906,1179
2026-10-02 13:03:00,1790960580,TWLO,294.4599914550781,294.80999755859375,294.3800048828125,294.75,5633
2026-10-02 13:04:00,1790960640,TWLO,294.6625061035156,294.6625061035156,294.4700012207031,294.5899963378906,1906
2026-10-02 13:05:00,1790960700,TWLO,294.8599853515625,295.20001220703125,294.6700134277344,295.20001220703125,2093
2026-10-02 13:06:00,1790960760,TWLO,295.135009765625,295.1650085449219,294.7699890136719,294.7850036621094,1467
2026-10-02 13:07:00,1790960820,TWLO,294.8275146484375,294.9049987792969,294.5199890136719,294.7049865722656,2650
2026-10-02 13:08:00,1790960880,TWLO,294.69000244140625,294.69500732421875,294.67999267578125,294.67999267578125,1512
2026-10-02 13:09:00,1790960940,TWLO,294.67999267578125,295.30999755859375,294.54998779296875,295.1650085449219,5022
2026-10-02 13:10:00,1790961000,TWLO,294.82000732421875,294.82000732421875,294.20001220703125,294.2300109863281,2720
2026-10-02 13:11:00,1790961060,TWLO,294.44000244140625,294.44000244140625,294.4200134277344,294.42999267578125,6211
2026-10-02 13:12:00,1790961120,TWLO,294.42999267578125,294.4649963378906,293.7699890136719,293.7799987792969,6608
2026-10-02 13:13:00,1790961180,TWLO,293.7200012207031,293.9198913574219,293.6499938964844,293.7300109863281,2507
2026-10-02 13:14:00,1790961240,TWLO,293.6000061035156,293.9200134277344,293.6000061035156,293.760009765625,5268
2026-10-02 13:15:00,1790961300,TWLO,294.0,294.17999267578125,293.7749938964844,294.17999267578125,3892
2026-10-02 13:16:00,1790961360,TWLO,293.9075012207031,294.1199951171875,293.7799987792969,293.95001220703125,1621
2026-10-02 13:17:00,1790961420,TWLO,294.17999267578125,294.2099914550781,293.6000061035156,294.0,4553
2026-10-02 13:18:00,1790961480,TWLO,294.0050048828125,294.05499267578125,294.0050048828125,294.05499267578125,601
2026-10-02 13:19:00,1790961540,TWLO,294.05999755859375,294.05999755859375,294.05999755859375,294.05999755859375,529
2026-10-02 13:20:00,1790961600,TWLO,293.7699890136719,294.07000732421875,293.510009765625,293.7200012207031,2473
2026-10-02 13:21:00,1790961660,TWLO,293.6050109863281,293.7489929199219,293.4800109863281,293.4800109863281,2759
2026-10-02 13:22:00,1790961720,TWLO,293.5050048828125,293.5050048828125,293.2749938964844,293.44000244140625,3208
2026-10-02 13:23:00,1790961780,TWLO,293.42999267578125,293.42999267578125,293.42999267578125,293.42999267578125,1077
2026-10-02 13:24:00,1790961840,TWLO,293.30499267578125,293.30499267578125,292.8116149902344,292.8116149902344,7665
2026-10-02 13:25:00,1790961900,TWLO,293.04998779296875,293.04998779296875,292.79998779296875,293.0199890136719,2328
2026-10-02 13:26:00,1790961960,TWLO,292.95001220703125,292.95001220703125,292.6449890136719,292.6449890136719,2161
2026-10-02 13:27:00,1790962020,TWLO,292.6449890136719,293.14990234375,292.6449890136719,292.864990234375,5356
2026-10-02 13:28:00,1790962080,TWLO,292.8800048828125,292.8949890136719,292.6700134277344,292.69000244140625,3242
2026-10-02 13:29:00,1790962140,TWLO,292.69000244140625,292.8550109863281,292.69000244140625,292.7799987792969,2245
2026-10-02 13:30:00,1790962200,TWLO,292.760009765625,292.760009765625,292.7550048828125,292.7550048828125,574
2026-10-02 13:31:00,1790962260,TWLO,292.7650146484375,293.3299865722656,292.7650146484375,293.2900085449219,3224
2026-10-02 13:32:00,1790962320,TWLO,293.17999267578125,293.464111328125,293.17999267578125,293.28009033203125,1521
2026-10-02 13:33:00,1790962380,TWLO,293.2799987792969,293.2950134277344,293.2799987792969,293.2950134277344,1130
2026-10-02 13:34:00,1790962440,TWLO,293.05999755859375,293.1050109863281,292.8399963378906,292.9200134277344,3865
2026-10-02 13:35:00,1790962500,TWLO,293.05499267578125,293.1650085449219,292.989990234375,293.0299987792969,2305
2026-10-02 13:36:00,1790962560,TWLO,292.95001220703125,292.95001220703125,292.7799987792969,292.7799987792969,1303
2026-10-02 13:37:00,1790962620,TWLO,292.70001220703125,292.92999267578125,292.6600036621094,292.92999267578125,3891
2026-10-02 13:38:00,1790962680,TWLO,292.92999267578125,293.07330322265625,292.70001220703125,292.70001220703125,3004
2026-10-02 13:39:00,1790962740,TWLO,292.6499938964844,293.1099853515625,292.6099853515625,293.1099853515625,6128
2026-10-02 13:40:00,1790962800,TWLO,292.9800109863281,293.1400146484375,292.81500244140625,293.0050048828125,2954
2026-10-02 13:41:00,1790962860,TWLO,293.135009765625,293.6650085449219,293.135009765625,293.5350036621094,4345
2026-10-02 13:42:00,1790962920,TWLO,293.4100036621094,293.4100036621094,293.32501220703125,293.32501220703125,1809
2026-10-02 13:43:00,1790962980,TWLO,293.42999267578125,293.6499938964844,293.30999755859375,293.3599853515625,6021
2026-10-02 13:44:00,1790963040,TWLO,293.3599853515625,293.45001220703125,293.2749938964844,293.42999267578125,6006
2026-10-02 13:45:00,1790963100,TWLO,293.3699951171875,293.3699951171875,293.3500061035156,293.3500061035156,2240
2026-10-02 13:46:00,1790963160,TWLO,293.3500061035156,293.7449951171875,293.3500061035156,293.7449951171875,4931
2026-10-02 13:47:00,1790963220,TWLO,293.6600036621094,293.6600036621094,293.3599853515625,293.57501220703125,3530
2026-10-02 13:48:00,1790963280,TWLO,293.57501220703125,293.7900085449219,293.56500244140625,293.70001220703125,3375
2026-10-02 13:49:00,1790963340,TWLO,293.760009765625,293.8599853515625,293.760009765625,293.8599853515625,2245
2026-10-02 13:50:00,1790963400,TWLO,293.9200134277344,294.55999755859375,293.70001220703125,293.9849853515625,12094
2026-10-02 13:51:00,1790963460,TWLO,294.2099914550781,294.2099914550781,294.0799865722656,294.0799865722656,2101
2026-10-02 13:52:00,1790963520,TWLO,294.04998779296875,295.5299072265625,294.0,295.06500244140625,34991
2026-10-02 13:53:00,1790963580,TWLO,295.06500244140625,295.1000061035156,294.79998779296875,294.8949890136719,7305
2026-10-02 13:54:00,1790963640,TWLO,294.8949890136719,294.8949890136719,294.4700012207031,294.5899963378906,2649
2026-10-02 13:55:00,1790963700,TWLO,294.5849914550781,294.6400146484375,294.30499267578125,294.6300048828125,6409
2026-10-02 13:56:00,1790963760,TWLO,294.6499938964844,295.04998779296875,294.6300048828125,294.760009765625,3255
2026-10-02 13:57:00,1790963820,TWLO,294.7349853515625,294.94000244140625,294.67999267578125,294.67999267578125,1036
2026-10-02 13:58:00,1790963880,TWLO,294.5299987792969,295.0199890136719,294.5299987792969,294.7699890136719,4650
2026-10-02 13:59:00,1790963940,TWLO,294.7699890136719,295.1400146484375,294.7699890136719,295.07000732421875,1432
2026-10-02 14:00:00,1790964000,TWLO,295.0199890136719,295.30999755859375,294.5950012207031,294.5950012207031,2412
2026-10-02 14:01:00,1790964060,TWLO,294.5950012207031,294.7300109863281,294.5799865722656,294.7300109863281,651
2026-10-02 14:02:00,1790964120,TWLO,294.6000061035156,294.93701171875,294.6000061035156,294.6449890136719,1993
2026-10-02 14:03:00,1790964180,TWLO,294.6199951171875,294.69000244140625,294.4700012207031,294.6099853515625,7242
2026-10-02 14:04:00,1790964240,TWLO,294.79998779296875,295.0,294.6300048828125,295.0,3440
2026-10-02 14:05:00,1790964300,TWLO,294.9849853515625,295.30999755859375,294.80999755859375,295.29998779296875,3280
2026-10-02 14:06:00,1790964360,TWLO,295.2149963378906,295.30999755859375,294.8500061035156,295.1499938964844,3585
2026-10-02 14:07:00,1790964420,TWLO,294.8900146484375,295.0098876953125,294.6000061035156,294.7149963378906,2566
2026-10-02 14:08:00,1790964480,TWLO,294.7850036621094,295.0400085449219,294.7650146484375,294.8999938964844,4007
2026-10-02 14:09:00,1790964540,TWLO,295.0592041015625,295.0592041015625,294.6199951171875,294.6199951171875,2995
2026-10-02 14:10:00,1790964600,TWLO,294.739990234375,294.7799987792969,294.57501220703125,294.7799987792969,8959
2026-10-02 14:11:00,1790964660,TWLO,294.614990234375,294.8399963378906,294.4949951171875,294.8399963378906,3503
2026-10-02 14:12:00,1790964720,TWLO,294.8399963378906,295.010009765625,294.5299987792969,294.67498779296875,4765
2026-10-02 14:13:00,1790964780,TWLO,294.7025146484375,294.7025146484375,294.6788024902344,294.6788024902344,477
2026-10-02 14:14:00,1790964840,TWLO,294.69500732421875,295.19000244140625,294.69500732421875,294.9599914550781,4229
2026-10-02 14:15:00,1790964900,TWLO,294.7101135253906,295.1099853515625,294.69000244140625,294.7149963378906,3274
2026-10-02 14:16:00,1790964960,TWLO,294.7149963378906,294.92999267578125,294.5400085449219,294.9100036621094,3331
2026-10-02 14:17:00,1790965020,TWLO,294.8699951171875,295.17999267578125,294.7200012207031,295.135009765625,3010
2026-10-02 14:18:00,1790965080,TWLO,295.114990234375,295.4100036621094,294.8699951171875,295.17999267578125,4145
2026-10-02 14:19:00,1790965140,TWLO,295.0950012207031,295.1600036621094,295.0199890136719,295.1600036621094,1100
2026-10-02 14:20:00,1790965200,TWLO,295.0299987792969,295.4100036621094,295.0299987792969,295.04010009765625,5519
2026-10-02 14:21:00,1790965260,TWLO,295.2349853515625,295.5799865722656,295.2349853515625,295.2699890136719,7115
2026-10-02 14:22:00,1790965320,TWLO,295.1199951171875,295.4800109863281,295.1199951171875,295.4800109863281,1385
2026-10-02 14:23:00,1790965380,TWLO,295.135009765625,295.3800048828125,295.0299987792969,295.0299987792969,6302
2026-10-02 14:24:00,1790965440,TWLO,295.0199890136719,295.07000732421875,294.9200134277344,295.0,2576
2026-10-02 14:25:00,1790965500,TWLO,294.989990234375,295.1600036621094,294.95001220703125,295.1600036621094,2886
2026-10-02 14:26:00,1790965560,TWLO,295.0,295.29998779296875,295.0,295.2049865722656,1173
2026-10-02 14:27:00,1790965620,TWLO,295.2699890136719,295.5,295.260009765625,295.5,1253
2026-10-02 14:28:00,1790965680,TWLO,295.2900085449219,295.57000732421875,295.2749938964844,295.55999755859375,7394
2026-10-02 14:29:00,1790965740,TWLO,295.54998779296875,295.889892578125,295.4549865722656,295.4549865722656,5225
2026-10-02 14:30:00,1790965800,TWLO,295.3913879394531,295.5,295.30999755859375,295.32000732421875,1549
2026-10-02 14:31:00,1790965860,TWLO,295.4200134277344,295.44000244140625,295.17999267578125,295.17999267578125,4250
2026-10-02 14:32:00,1790965920,TWLO,295.19000244140625,295.3800048828125,295.19000244140625,295.3800048828125,2076
2026-10-02 14:33:00,1790965980,TWLO,295.375,295.4100036621094,295.32000732421875,295.3900146484375,3274
2026-10-02 14:34:00,1790966040,TWLO,295.3500061035156,295.3500061035156,295.14788818359375,295.2850036621094,3936
2026-10-02 14:35:00,1790966100,TWLO,295.2900085449219,295.3399963378906,295.2650146484375,295.2650146484375,1369
2026-10-02 14:36:00,1790966160,TWLO,295.36138916015625,295.36138916015625,295.04998779296875,295.1449890136719,3027
2026-10-02 14:37:00,1790966220,TWLO,295.1400146484375,295.1400146484375,295.1400146484375,295.1400146484375,1003
2026-10-02 14:38:00,1790966280,TWLO,295.1099853515625,295.19000244140625,294.8699951171875,294.8699951171875,3632
2026-10-02 14:39:00,1790966340,TWLO,295.0799865722656,295.7699890136719,294.9150085449219,295.7699890136719,5894
2026-10-02 14:40:00,1790966400,TWLO,295.7250061035156,295.7300109863281,295.67498779296875,295.7200012207031,1429
2026-10-02 14:41:00,1790966460,TWLO,295.6650085449219,295.6650085449219,295.6499938964844,295.6600036621094,2338
2026-10-02 14:42:00,1790966520,TWLO,295.5799865722656,295.5799865722656,295.3550109863281,295.4884948730469,2876
2026-10-02 14:43:00,1790966580,TWLO,295.4049987792969,295.427490234375,295.3800048828125,295.3800048828125,1320
2026-10-02 14:44:00,1790966640,TWLO,295.385009765625,295.385009765625,295.3800048828125,295.3800048828125,1134
2026-10-02 14:45:00,1790966700,TWLO,295.3999938964844,295.5799865722656,295.3999938964844,295.4800109863281,4649
2026-10-02 14:46:00,1790966760,TWLO,295.3299865722656,295.5198059082031,295.29998779296875,295.5198059082031,1442
2026-10-02 14:47:00,1790966820,TWLO,295.3599853515625,295.7200012207031,295.3599853515625,295.3699951171875,3459
2026-10-02 14:48:00,1790966880,TWLO,295.5450134277344,295.7200012207031,295.5150146484375,295.5150146484375,1832
2026-10-02 14:49:00,1790966940,TWLO,295.55999755859375,295.718994140625,295.5,295.55999755859375,5211
2026-10-02 14:50:00,1790967000,TWLO,295.5043029785156,295.5043029785156,295.3699951171875,295.3800048828125,1583
2026-10-02 14:51:00,1790967060,TWLO,295.3800048828125,295.7200012207031,295.3800048828125,295.5849914550781,3178
2026-10-02 14:52:00,1790967120,TWLO,295.472900390625,295.705810546875,295.3700866699219,295.4849853515625,6290
2026-10-02 14:53:00,1790967180,TWLO,295.4800109863281,295.989990234375,295.4800109863281,295.9800109863281,5648
2026-10-02 14:54:00,1790967240,TWLO,295.8599853515625,295.864990234375,295.79998779296875,295.79998779296875,1286
2026-10-02 14:55:00,1790967300,TWLO,295.79998779296875,295.9599914550781,295.79998779296875,295.8599853515625,5385
2026-10-02 14:56:00,1790967360,TWLO,295.760009765625,295.82000732421875,295.760009765625,295.82000732421875,2165
2026-10-02 14:57:00,1790967420,TWLO,295.75,295.80499267578125,295.75,295.80499267578125,1098
2026-10-02 14:58:00,1790967480,TWLO,295.80499267578125,295.82501220703125,295.80499267578125,295.82501220703125,777
2026-10-02 14:59:00,1790967540,TWLO,295.82501220703125,295.82501220703125,295.7900085449219,295.7900085449219,2704
2026-10-02 15:00:00,1790967600,TWLO,295.7950134277344,295.7950134277344,295.7449951171875,295.7799987792969,2748
2026-10-02 15:01:00,1790967660,TWLO,295.6000061035156,295.6199951171875,295.29998779296875,295.42999267578125,6839
2026-10-02 15:02:00,1790967720,TWLO,295.4100036621094,295.54998779296875,295.17999267578125,295.42999267578125,7929
2026-10-02 15:03:00,1790967780,TWLO,295.43499755859375,295.43499755859375,295.0,295.0,3383
2026-10-02 15:04:00,1790967840,TWLO,295.1000061035156,295.1000061035156,294.6499938964844,294.6499938964844,5164
2026-10-02 15:05:00,1790967900,TWLO,294.82000732421875,294.989990234375,294.181884765625,294.3399963378906,9417
2026-10-02 15:06:00,1790967960,TWLO,294.42999267578125,294.7699890136719,294.42999267578125,294.7598876953125,5881
2026-10-02 15:07:00,1790968020,TWLO,294.45001220703125,294.6050109863281,294.3900146484375,294.4700012207031,3512
2026-10-02 15:08:00,1790968080,TWLO,294.489990234375,294.7799987792969,294.1700134277344,294.19000244140625,20171
2026-10-02 15:09:00,1790968140,TWLO,294.1650085449219,294.18499755859375,293.82000732421875,293.94000244140625,3234
2026-10-02 15:10:00,1790968200,TWLO,293.9150085449219,294.0,293.57000732421875,293.760009765625,5948
2026-10-02 15:11:00,1790968260,TWLO,293.7650146484375,293.7799987792969,293.57000732421875,293.7799987792969,5393
2026-10-02 15:12:00,1790968320,TWLO,293.54998779296875,294.114990234375,293.3999938964844,293.6449890136719,19283
2026-10-02 15:13:00,1790968380,TWLO,293.8699951171875,293.9200134277344,293.6000061035156,293.8450012207031,4558
2026-10-02 15:14:00,1790968440,TWLO,293.8450012207031,294.260009765625,293.739990234375,294.260009765625,7610
2026-10-02 15:15:00,1790968500,TWLO,294.1650085449219,294.3599853515625,293.8399963378906,294.25,7773
2026-10-02 15:16:00,1790968560,TWLO,294.2550048828125,294.3900146484375,293.9800109863281,294.17999267578125,3257
2026-10-02 15:17:00,1790968620,TWLO,294.1449890136719,294.1449890136719,293.7900085449219,293.7900085449219,3428
2026-10-02 15:18:00,1790968680,TWLO,293.7900085449219,293.8699951171875,293.2099914550781,293.2099914550781,8232
2026-10-02 15:19:00,1790968740,TWLO,293.010009765625,293.29998779296875,292.7099914550781,292.81500244140625,7919
2026-10-02 15:20:00,1790968800,TWLO,292.9200134277344,292.9800109863281,292.8399963378906,292.8800048828125,8187
2026-10-02 15:21:00,1790968860,TWLO,292.82000732421875,292.92999267578125,292.7099914550781,292.7749938964844,4183
2026-10-02 15:22:00,1790968920,TWLO,292.75,292.760009765625,292.05999755859375,292.2900085449219,4870
2026-10-02 15:23:00,1790968980,TWLO,292.2799987792969,293.2799987792969,292.0899963378906,293.0899963378906,18195
2026-10-02 15:24:00,1790969040,TWLO,293.4299011230469,293.4299011230469,292.95001220703125,293.07000732421875,6442
2026-10-02 15:25:00,1790969100,TWLO,293.1499938964844,293.42999267578125,293.1499938964844,293.239990234375,4170
2026-10-02 15:26:00,1790969160,TWLO,293.0799865722656,293.1400146484375,292.8900146484375,293.0400085449219,9277
2026-10-02 15:27:00,1790969220,TWLO,293.0,293.30499267578125,292.9200134277344,293.1700134277344,2899
2026-10-02 15:28:00,1790969280,TWLO,293.2908935546875,293.32501220703125,293.0400085449219,293.32501220703125,3577
2026-10-02 15:29:00,1790969340,TWLO,293.1700134277344,293.32501220703125,293.1099853515625,293.32501220703125,4403
2026-10-02 15:30:00,1790969400,TWLO,293.32501220703125,293.32501220703125,293.1600036621094,293.25,4933
2026-10-02 15:31:00,1790969460,TWLO,293.2049865722656,293.32000732421875,293.1199951171875,293.29998779296875,5451
2026-10-02 15:32:00,1790969520,TWLO,293.2300109863281,293.5,293.0400085449219,293.5,8678
2026-10-02 15:33:00,1790969580,TWLO,293.6199951171875,293.9649963378906,293.510009765625,293.9200134277344,27794
2026-10-02 15:34:00,1790969640,TWLO,293.9750061035156,294.3349914550781,293.7300109863281,294.3349914550781,10620
2026-10-02 15:35:00,1790969700,TWLO,294.17999267578125,294.3599853515625,294.0,294.19000244140625,10302
2026-10-02 15:36:00,1790969760,TWLO,294.1827087402344,294.1827087402344,293.42999267578125,293.5799865722656,20438
2026-10-02 15:37:00,1790969820,TWLO,293.510009765625,293.8399963378906,293.30999755859375,293.67498779296875,11380
2026-10-02 15:38:00,1790969880,TWLO,293.69000244140625,294.0899963378906,293.67999267578125,294.010009765625,8573
2026-10-02 15:39:00,1790969940,TWLO,294.2099914550781,294.489990234375,294.04998779296875,294.3268127441406,9028
2026-10-02 15:40:00,1790970000,TWLO,294.19500732421875,294.2149963378906,294.0299987792969,294.1000061035156,6105
2026-10-02 15:41:00,1790970060,TWLO,293.9700012207031,294.635009765625,293.95001220703125,294.5799865722656,16410
2026-10-02 15:42:00,1790970120,TWLO,294.4700012207031,294.56500244140625,294.3599853515625,294.4849853515625,6713
2026-10-02 15:43:00,1790970180,TWLO,294.5799865722656,294.5799865722656,294.25,294.4849853515625,16000
2026-10-02 15:44:00,1790970240,TWLO,294.3900146484375,294.7200012207031,294.3900146484375,294.625,8138
2026-10-02 15:45:00,1790970300,TWLO,294.6600036621094,294.79998779296875,294.05010986328125,294.6499938964844,14653
2026-10-02 15:46:00,1790970360,TWLO,294.56500244140625,294.885009765625,294.5,294.8699951171875,6744
2026-10-02 15:47:00,1790970420,TWLO,294.875,295.0,294.4599914550781,294.4599914550781,18941
2026-10-02 15:48:00,1790970480,TWLO,294.4800109863281,294.6700134277344,293.92498779296875,294.5,23495
2026-10-02 15:49:00,1790970540,TWLO,294.4525146484375,294.6099853515625,294.0,294.135009765625,22623
2026-10-02 15:50:00,1790970600,TWLO,293.8900146484375,294.1600036621094,293.42999267578125,293.8599853515625,28950
2026-10-02 15:51:00,1790970660,TWLO,293.7300109863281,294.6400146484375,293.635009765625,294.07501220703125,18850
2026-10-02 15:52:00,1790970720,TWLO,293.9200134277344,294.2300109863281,293.8800048828125,294.0299987792969,19529
2026-10-02 15:53:00,1790970780,TWLO,294.0299987792969,295.1499938964844,294.0299987792969,295.0199890136719,21403
2026-10-02 15:54:00,1790970840,TWLO,294.67999267578125,295.5299987792969,294.385009765625,295.18499755859375,29563
2026-10-02 15:55:00,1790970900,TWLO,295.1300048828125,295.4599914550781,294.7699890136719,295.2250061035156,17214
2026-10-02 15:56:00,1790970960,TWLO,295.2550048828125,295.510009765625,294.3900146484375,294.4200134277344,34701
2026-10-02 15:57:00,1790971020,TWLO,294.69000244140625,295.6400146484375,294.510009765625,295.18499755859375,41215
2026-10-02 15:58:00,1790971080,TWLO,295.0799865722656,295.6199951171875,294.80999755859375,295.2650146484375,62605
2026-10-02 15:59:00,1790971140,TWLO,295.239990234375,295.2799987792969,293.6700134277344,294.55999755859375,105155
2026-10-02 16:00:00,1790971200,TWLO,294.5799865722656,294.5799865722656,294.5799865722656,294.5799865722656,0
2026-10-05 09:30:00,1791207000,TWLO,294.5299987792969,294.75,291.2900085449219,291.5799865722656,49846
2026-10-05 09:31:00,1791207060,TWLO,291.5799865722656,292.8999938964844,290.1199951171875,290.1199951171875,10585
2026-10-05 09:32:00,1791207120,TWLO,290.1199951171875,290.8699951171875,288.510009765625,289.3299865722656,16257
2026-10-05 09:33:00,1791207180,TWLO,288.95001220703125,291.010009765625,288.95001220703125,290.1300048828125,12896
2026-10-05 09:34:00,1791207240,TWLO,290.1300048828125,291.0199890136719,289.489990234375,290.04998779296875,7764
2026-10-05 09:35:00,1791207300,TWLO,290.1000061035156,290.9844970703125,287.1000061035156,288.17999267578125,19616
2026-10-05 09:36:00,1791207360,TWLO,288.45001220703125,290.3847961425781,287.7900085449219,289.8949890136719,12979
2026-10-05 09:37:00,1791207420,TWLO,289.6050109863281,290.96990966796875,289.6050109863281,290.30499267578125,7080
2026-10-05 09:38:00,1791207480,TWLO,290.79998779296875,292.2099914550781,289.95001220703125,290.5,11407
2026-10-05 09:39:00,1791207540,TWLO,290.2300109863281,290.5,289.3299865722656,289.7250061035156,7508
2026-10-05 09:40:00,1791207600,TWLO,289.7250061035156,293.239990234375,289.3399963378906,293.2349853515625,10234
2026-10-05 09:41:00,1791207660,TWLO,292.8500061035156,293.260009765625,292.7749938964844,292.79998779296875,3033
2026-10-05 09:42:00,1791207720,TWLO,293.239990234375,294.44000244140625,293.239990234375,294.44000244140625,4830
2026-10-05 09:43:00,1791207780,TWLO,294.06500244140625,294.510009765625,293.7850036621094,293.9100036621094,8424
2026-10-05 09:44:00,1791207840,TWLO,293.7900085449219,293.9100036621094,293.0899963378906,293.70001220703125,3279
2026-10-05 09:45:00,1791207900,TWLO,294.1400146484375,294.30999755859375,292.2099914550781,292.5,7841
2026-10-05 09:46:00,1791207960,TWLO,292.55499267578125,293.5400085449219,292.45001220703125,293.5400085449219,3795
2026-10-05 09:47:00,1791208020,TWLO,293.0799865722656,293.5,292.7650146484375,293.1600036621094,3674
2026-10-05 09:48:00,1791208080,TWLO,293.0150146484375,293.0150146484375,292.2900085449219,292.5,4989
2026-10-05 09:49:00,1791208140,TWLO,292.92999267578125,293.1449890136719,292.3299865722656,292.70001220703125,5011
2026-10-05 09:50:00,1791208200,TWLO,292.5050048828125,292.9750061035156,292.4949951171875,292.9750061035156,3326
2026-10-05 09:51:00,1791208260,TWLO,293.2950134277344,293.29998779296875,292.6610107421875,292.9100036621094,2751
2026-10-05 09:52:00,1791208320,TWLO,293.260009765625,293.3974914550781,293.1400146484375,293.1400146484375,607
2026-10-05 09:53:00,1791208380,TWLO,293.3800048828125,293.55999755859375,293.0,293.2850036621094,8948
2026-10-05 09:54:00,1791208440,TWLO,293.31500244140625,293.760009765625,293.1700134277344,293.5400085449219,6109
2026-10-05 09:55:00,1791208500,TWLO,293.5400085449219,293.989990234375,293.5400085449219,293.989990234375,3079
2026-10-05 09:56:00,1791208560,TWLO,293.5,293.53900146484375,292.75,292.75,3327
2026-10-05 09:57:00,1791208620,TWLO,292.75,293.0425109863281,292.5,293.0150146484375,4374
2026-10-05 09:58:00,1791208680,TWLO,293.4949951171875,293.625,292.8399963378906,293.625,13917
2026-10-05 09:59:00,1791208740,TWLO,293.45001220703125,293.4549865722656,292.7699890136719,292.8550109863281,3133
2026-10-05 10:00:00,1791208800,TWLO,293.29998779296875,293.4800109863281,292.9700012207031,292.9700012207031,3483
2026-10-05 10:01:00,1791208860,TWLO,293.4649963378906,293.4649963378906,292.9800109863281,293.07000732421875,3187
2026-10-05 10:02:00,1791208920,TWLO,293.3800048828125,293.489990234375,292.55999755859375,292.55999755859375,6103
2026-10-05 10:03:00,1791208980,TWLO,292.57000732421875,292.8450927734375,292.3699951171875,292.3699951171875,9020
2026-10-05 10:04:00,1791209040,TWLO,292.2200012207031,292.6000061035156,291.7699890136719,291.7699890136719,2445
2026-10-05 10:05:00,1791209100,TWLO,291.9750061035156,292.0,291.7099914550781,291.95001220703125,4782
2026-10-05 10:06:00,1791209160,TWLO,291.57000732421875,291.5849914550781,291.0,291.364990234375,2981
2026-10-05 10:07:00,1791209220,TWLO,291.2449951171875,291.2449951171875,290.82000732421875,291.2349853515625,6483
2026-10-05 10:08:00,1791209280,TWLO,291.2799987792969,292.4800109863281,290.8900146484375,292.19000244140625,8038
2026-10-05 10:09:00,1791209340,TWLO,292.19000244140625,292.3599853515625,292.17999267578125,292.17999267578125,1952
2026-10-05 10:10:00,1791209400,TWLO,292.19000244140625,293.45001220703125,292.19000244140625,292.95001220703125,9257
2026-10-05 10:11:00,1791209460,TWLO,292.92999267578125,293.510009765625,292.92999267578125,293.510009765625,8677
2026-10-05 10:12:00,1791209520,TWLO,293.2200012207031,293.45001220703125,293.0199890136719,293.0199890136719,2947
2026-10-05 10:13:00,1791209580,TWLO,293.17999267578125,293.8550109863281,293.1499938964844,293.8550109863281,9398
2026-10-05 10:14:00,1791209640,TWLO,293.6099853515625,294.2699890136719,293.6099853515625,294.05999755859375,7897
2026-10-05 10:15:00,1791209700,TWLO,294.2699890136719,294.760009765625,294.2699890136719,294.3500061035156,6506
2026-10-05 10:16:00,1791209760,TWLO,294.260009765625,294.260009765625,293.239990234375,293.239990234375,4589
2026-10-05 10:17:00,1791209820,TWLO,293.239990234375,293.92999267578125,293.239990234375,293.8800048828125,3793
2026-10-05 10:18:00,1791209880,TWLO,293.8800048828125,293.885009765625,293.44000244140625,293.44000244140625,2645
2026-10-05 10:19:00,1791209940,TWLO,293.42999267578125,294.3500061035156,293.42999267578125,293.8900146484375,7905
2026-10-05 10:20:00,1791210000,TWLO,294.07501220703125,294.07501220703125,294.07501220703125,294.07501220703125,1105
2026-10-05 10:21:00,1791210060,TWLO,294.2300109863281,294.45001220703125,294.07000732421875,294.2749938964844,3401
2026-10-05 10:22:00,1791210120,TWLO,294.0799865722656,294.32000732421875,294.0,294.32000732421875,3646
2026-10-05 10:23:00,1791210180,TWLO,293.9100036621094,294.1400146484375,293.5899963378906,293.6650085449219,5814
2026-10-05 10:24:00,1791210240,TWLO,293.94500732421875,293.9800109863281,293.5400085449219,293.6099853515625,2616
2026-10-05 10:25:00,1791210300,TWLO,293.6099853515625,293.7699890136719,293.42999267578125,293.5050048828125,5348
2026-10-05 10:26:00,1791210360,TWLO,293.6400146484375,293.6400146484375,292.79998779296875,292.79998779296875,6740
2026-10-05 10:27:00,1791210420,TWLO,292.9200134277344,293.2699890136719,292.9200134277344,293.260009765625,2739
2026-10-05 10:28:00,1791210480,TWLO,293.239990234375,293.5899963378906,293.239990234375,293.2699890136719,5675
2026-10-05 10:29:00,1791210540,TWLO,293.57501220703125,293.6650085449219,293.3800964355469,293.3800964355469,5921
2026-10-05 10:30:00,1791210600,TWLO,293.67498779296875,293.95001220703125,293.2749938964844,293.2749938964844,3880
2026-10-05 10:31:00,1791210660,TWLO,293.2300109863281,293.510009765625,293.2200012207031,293.4649963378906,4055
2026-10-05 10:32:00,1791210720,TWLO,293.2200012207031,293.2200012207031,292.260009765625,292.7650146484375,10045
2026-10-05 10:33:00,1791210780,TWLO,292.7699890136719,293.1600036621094,292.7699890136719,293.1600036621094,4602
2026-10-05 10:34:00,1791210840,TWLO,293.3599853515625,293.3599853515625,293.2049865722656,293.3599853515625,1725
2026-10-05 10:35:00,1791210900,TWLO,293.4100036621094,293.4100036621094,292.95001220703125,293.0400085449219,10470
2026-10-05 10:36:00,1791210960,TWLO,293.0400085449219,293.0400085449219,292.760009765625,292.82000732421875,1748
2026-10-05 10:37:00,1791211020,TWLO,292.6600036621094,293.0400085449219,292.45001220703125,293.0400085449219,7744
2026-10-05 10:38:00,1791211080,TWLO,293.0050048828125,293.0050048828125,292.6600036621094,292.6600036621094,1781
2026-10-05 10:39:00,1791211140,TWLO,292.6199951171875,292.6199951171875,292.0,292.0,3384
2026-10-05 10:40:00,1791211200,TWLO,291.9649963378906,292.3399963378906,291.9599914550781,292.3399963378906,2821
2026-10-05 10:41:00,1791211260,TWLO,292.3399963378906,292.42999267578125,291.9200134277344,291.9200134277344,3880
2026-10-05 10:42:00,1791211320,TWLO,291.70001220703125,291.9100036621094,291.70001220703125,291.8599853515625,2937
2026-10-05 10:43:00,1791211380,TWLO,292.1499938964844,292.20001220703125,292.1300048828125,292.17498779296875,4199
2026-10-05 10:44:00,1791211440,TWLO,291.760009765625,291.760009765625,291.75,291.75,1035
2026-10-05 10:45:00,1791211500,TWLO,291.8800048828125,291.8800048828125,291.8800048828125,291.8800048828125,2670
2026-10-05 10:46:00,1791211560,TWLO,291.7950134277344,292.1199951171875,291.7950134277344,292.0350036621094,4501
2026-10-05 10:47:00,1791211620,TWLO,292.1700134277344,292.1700134277344,292.1700134277344,292.1700134277344,1556
2026-10-05 10:48:00,1791211680,TWLO,292.05999755859375,292.2799987792969,292.0199890136719,292.0199890136719,2311
2026-10-05 10:49:00,1791211740,TWLO,292.0199890136719,292.1000061035156,292.0199890136719,292.1000061035156,1235
2026-10-05 10:50:00,1791211800,TWLO,291.82000732421875,292.20001220703125,291.7900085449219,292.20001220703125,4626
2026-10-05 10:51:00,1791211860,TWLO,291.989990234375,292.1600036621094,291.92999267578125,292.1549987792969,2610
2026-10-05 10:52:00,1791211920,TWLO,291.92999267578125,292.04998779296875,291.8800048828125,292.04998779296875,5122
2026-10-05 10:53:00,1791211980,TWLO,292.04998779296875,292.1400146484375,291.7099914550781,292.1400146484375,3505
2026-10-05 10:54:00,1791212040,TWLO,292.1449890136719,292.7099914550781,292.1449890136719,292.57501220703125,5233
2026-10-05 10:55:00,1791212100,TWLO,292.57501220703125,293.05499267578125,292.2699890136719,293.05499267578125,6546
2026-10-05 10:56:00,1791212160,TWLO,292.9100036621094,293.4800109863281,292.9100036621094,293.125,6728
2026-10-05 10:57:00,1791212220,TWLO,293.25,293.45989990234375,292.5201110839844,292.5201110839844,7614
2026-10-05 10:58:00,1791212280,TWLO,292.5199890136719,292.6824951171875,292.4200134277344,292.6700134277344,2753
2026-10-05 10:59:00,1791212340,TWLO,292.6700134277344,292.989990234375,292.6700134277344,292.989990234375,2046
2026-10-05 11:00:00,1791212400,TWLO,292.6700134277344,292.6700134277344,292.6099853515625,292.6199951171875,1409
2026-10-05 11:01:00,1791212460,TWLO,292.7799987792969,293.1000061035156,292.57000732421875,292.80499267578125,8338
2026-10-05 11:02:00,1791212520,TWLO,292.8349914550781,292.8399963378906,292.82000732421875,292.82000732421875,2068
2026-10-05 11:03:00,1791212580,TWLO,292.82501220703125,292.8349914550781,292.5899963378906,292.8299865722656,3145
2026-10-05 11:04:00,1791212640,TWLO,292.8349914550781,292.8399963378906,292.44000244140625,292.4468994140625,10673
2026-10-05 11:05:00,1791212700,TWLO,292.6199951171875,293.2200012207031,292.5799865722656,293.0299987792969,11950
2026-10-05 11:06:00,1791212760,TWLO,293.119384765625,293.19000244140625,292.8900146484375,292.9750061035156,2981
2026-10-05 11:07:00,1791212820,TWLO,292.94000244140625,292.9700012207031,292.7799987792969,292.9549865722656,2352
2026-10-05 11:08:00,1791212880,TWLO,292.9549865722656,292.9574890136719,292.80999755859375,292.9549865722656,2511
2026-10-05 11:09:00,1791212940,TWLO,293.1499938964844,293.2099914550781,293.0400085449219,293.1199951171875,6885
2026-10-05 11:10:00,1791213000,TWLO,293.2250061035156,293.3299865722656,293.1499938964844,293.3299865722656,1930
2026-10-05 11:11:00,1791213060,TWLO,293.1199951171875,293.1199951171875,292.95001220703125,292.95001220703125,3304
2026-10-05 11:12:00,1791213120,TWLO,293.05499267578125,293.3999938964844,292.94000244140625,293.3800048828125,7548
2026-10-05 11:13:00,1791213180,TWLO,293.32000732421875,293.32000732421875,293.1199951171875,293.1199951171875,1814
2026-10-05 11:14:00,1791213240,TWLO,292.9700012207031,293.135009765625,292.9700012207031,293.1300048828125,1659
2026-10-05 11:15:00,1791213300,TWLO,292.8999938964844,293.0150146484375,292.6449890136719,292.8399963378906,4553
2026-10-05 11:16:00,1791213360,TWLO,292.7099914550781,293.0150146484375,292.7099914550781,293.0150146484375,2180
2026-10-05 11:17:00,1791213420,TWLO,292.94000244140625,292.94000244140625,292.42999267578125,292.6549987792969,6432
2026-10-05 11:18:00,1791213480,TWLO,292.6499938964844,292.6499938964844,292.45001220703125,292.45001220703125,2061
2026-10-05 11:19:00,1791213540,TWLO,292.5050048828125,292.50750732421875,292.3399963378906,292.3653869628906,1882
2026-10-05 11:20:00,1791213600,TWLO,292.5400085449219,292.739990234375,292.5400085449219,292.739990234375,1842
2026-10-05 11:21:00,1791213660,TWLO,292.5799865722656,292.6199951171875,292.239990234375,292.239990234375,3225
2026-10-05 11:22:00,1791213720,TWLO,292.19000244140625,292.19000244140625,292.0,292.0,2700
2026-10-05 11:23:00,1791213780,TWLO,291.79998779296875,291.8699951171875,291.7300109863281,291.78009033203125,6283
2026-10-05 11:24:00,1791213840,TWLO,292.0199890136719,292.0950012207031,291.8500061035156,291.8500061035156,2312
2026-10-05 11:25:00,1791213900,TWLO,292.0950012207031,292.3598937988281,291.8399963378906,292.1000061035156,2577
2026-10-05 11:26:00,1791213960,TWLO,292.17498779296875,292.3999938964844,292.17498779296875,292.3999938964844,2087
2026-10-05 11:27:00,1791214020,TWLO,292.4399108886719,292.4399108886719,292.0,292.18280029296875,2982
2026-10-05 11:28:00,1791214080,TWLO,292.17999267578125,292.44000244140625,292.1499938964844,292.1499938964844,5289
2026-10-05 11:29:00,1791214140,TWLO,292.239990234375,292.239990234375,292.239990234375,292.239990234375,1054
2026-10-05 11:30:00,1791214200,TWLO,292.2799987792969,292.3500061035156,292.04998779296875,292.3500061035156,1536
2026-10-05 11:31:00,1791214260,TWLO,292.2950134277344,292.2950134277344,292.2950134277344,292.2950134277344,449
2026-10-05 11:32:00,1791214320,TWLO,292.04998779296875,292.1700134277344,291.94000244140625,292.05499267578125,5959
2026-10-05 11:33:00,1791214380,TWLO,292.1000061035156,292.1000061035156,292.1000061035156,292.1000061035156,943
2026-10-05 11:34:00,1791214440,TWLO,292.1050109863281,292.1050109863281,291.6600036621094,291.760009765625,2878
2026-10-05 11:35:00,1791214500,TWLO,291.7699890136719,291.7699890136719,291.510009765625,291.6000061035156,1641
2026-10-05 11:36:00,1791214560,TWLO,291.510009765625,291.510009765625,291.4200134277344,291.4200134277344,2368
2026-10-05 11:37:00,1791214620,TWLO,291.5,291.5400085449219,291.3399963378906,291.5400085449219,2868
2026-10-05 11:38:00,1791214680,TWLO,291.4100036621094,292.2049865722656,291.4100036621094,292.010009765625,5464
2026-10-05 11:39:00,1791214740,TWLO,292.0299987792969,292.0299987792969,291.8800048828125,291.8800048828125,2070
2026-10-05 11:40:00,1791214800,TWLO,292.0899963378906,292.239990234375,292.07000732421875,292.239990234375,1017
2026-10-05 11:41:00,1791214860,TWLO,292.125,292.1499938964844,292.010009765625,292.07501220703125,2403
2026-10-05 11:42:00,1791214920,TWLO,292.04998779296875,292.04998779296875,291.9602966308594,291.9602966308594,2106
2026-10-05 11:43:00,1791214980,TWLO,292.1000061035156,292.4100036621094,292.1000061035156,292.4100036621094,4571
2026-10-05 11:44:00,1791215040,TWLO,292.4100036621094,292.4100036621094,292.2799987792969,292.2799987792969,1872
2026-10-05 11:45:00,1791215100,TWLO,292.42498779296875,292.4599914550781,292.3900146484375,292.4549865722656,1843
2026-10-05 11:46:00,1791215160,TWLO,292.54998779296875,292.5950012207031,292.2099914550781,292.2099914550781,5407
2026-10-05 11:47:00,1791215220,TWLO,292.0799865722656,292.0799865722656,291.8800048828125,291.9100036621094,4411
2026-10-05 11:48:00,1791215280,TWLO,292.0375061035156,292.0899963378906,292.0375061035156,292.0899963378906,770
2026-10-05 11:49:00,1791215340,TWLO,292.25,292.6499938964844,292.0400085449219,292.0400085449219,5806
2026-10-05 11:50:00,1791215400,TWLO,291.8599853515625,292.1300048828125,291.7699890136719,292.1300048828125,2790
2026-10-05 11:52:00,1791215520,TWLO,292.0899963378906,292.0950012207031,291.69000244140625,291.69000244140625,5111
2026-10-05 11:53:00,1791215580,TWLO,291.8500061035156,292.04998779296875,291.8500061035156,292.04998779296875,3373
2026-10-05 11:54:00,1791215640,TWLO,291.94000244140625,292.07501220703125,291.8599853515625,291.8599853515625,1739
2026-10-05 11:55:00,1791215700,TWLO,292.0199890136719,292.07000732421875,291.93499755859375,292.06500244140625,3571
2026-10-05 11:56:00,1791215760,TWLO,291.8599853515625,291.8599853515625,291.82000732421875,291.82000732421875,1950
2026-10-05 11:57:00,1791215820,TWLO,291.9949951171875,291.9949951171875,291.82000732421875,291.82000732421875,809
2026-10-05 11:58:00,1791215880,TWLO,291.8399963378906,292.0849914550781,291.8399963378906,292.0849914550781,2952
2026-10-05 11:59:00,1791215940,TWLO,291.9949951171875,291.9949951171875,291.960205078125,291.960205078125,1646
2026-10-05 12:00:00,1791216000,TWLO,291.8500061035156,291.9800109863281,291.80999755859375,291.8800048828125,3498
2026-10-05 12:01:00,1791216060,TWLO,291.885009765625,292.25,291.885009765625,292.17498779296875,5723
2026-10-05 12:02:00,1791216120,TWLO,292.0400085449219,292.0400085449219,291.80999755859375,291.80999755859375,2643
2026-10-05 12:03:00,1791216180,TWLO,291.9150085449219,291.9150085449219,291.79998779296875,291.79998779296875,904
2026-10-05 12:04:00,1791216240,TWLO,292.19000244140625,292.5,292.19000244140625,292.5,3261
2026-10-05 12:05:00,1791216300,TWLO,292.510009765625,292.6300048828125,292.510009765625,292.6300048828125,2720
2026-10-05 12:06:00,1791216360,TWLO,292.70001220703125,292.7449951171875,292.70001220703125,292.7449951171875,1822
2026-10-05 12:07:00,1791216420,TWLO,292.6199951171875,292.7950134277344,292.4200134277344,292.5400085449219,5574
2026-10-05 12:09:00,1791216540,TWLO,292.70001220703125,292.7099914550781,292.45001220703125,292.45001220703125,2267
2026-10-05 12:10:00,1791216600,TWLO,292.4849853515625,292.4849853515625,292.2900085449219,292.2900085449219,1645
2026-10-05 12:11:00,1791216660,TWLO,292.2300109863281,292.30499267578125,292.2200012207031,292.30499267578125,1916
2026-10-05 12:12:00,1791216720,TWLO,292.46990966796875,292.46990966796875,292.32000732421875,292.32000732421875,4300
2026-10-05 12:13:00,1791216780,TWLO,292.19000244140625,292.510009765625,292.19000244140625,292.45001220703125,3421
2026-10-05 12:14:00,1791216840,TWLO,292.29998779296875,292.29998779296875,292.0899963378906,292.0899963378906,1355
2026-10-05 12:15:00,1791216900,TWLO,292.0,292.0299987792969,292.0,292.0299987792969,3707
2026-10-05 12:16:00,1791216960,TWLO,291.9700012207031,291.9700012207031,291.9700012207031,291.9700012207031,308
2026-10-05 12:17:00,1791217020,TWLO,292.0450134277344,292.1600036621094,292.0450134277344,292.135009765625,2650
2026-10-05 12:18:00,1791217080,TWLO,291.9800109863281,292.1400146484375,291.79998779296875,292.1400146484375,3470
2026-10-05 12:19:00,1791217140,TWLO,292.1300048828125,292.1300048828125,292.1300048828125,292.1300048828125,517
2026-10-05 12:20:00,1791217200,TWLO,292.1300048828125,292.1300048828125,291.739990234375,291.739990234375,2549
2026-10-05 12:21:00,1791217260,TWLO,291.7099914550781,291.7099914550781,291.3800048828125,291.3900146484375,3015
2026-10-05 12:22:00,1791217320,TWLO,291.2699890136719,291.2699890136719,291.07000732421875,291.07000732421875,920
2026-10-05 12:23:00,1791217380,TWLO,291.0873107910156,291.2760925292969,290.9800109863281,291.0400085449219,3059
2026-10-05 12:24:00,1791217440,TWLO,290.79998779296875,290.79998779296875,290.3500061035156,290.3500061035156,3128
2026-10-05 12:25:00,1791217500,TWLO,290.54998779296875,290.54998779296875,290.4150085449219,290.4150085449219,2443
2026-10-05 12:26:00,1791217560,TWLO,290.385009765625,290.4700012207031,290.0899963378906,290.2300109863281,13333
2026-10-05 12:27:00,1791217620,TWLO,290.29998779296875,290.29998779296875,290.1199951171875,290.1300048828125,2513
2026-10-05 12:28:00,1791217680,TWLO,290.30499267578125,290.7900085449219,290.29998779296875,290.6499938964844,16708
2026-10-05 12:29:00,1791217740,TWLO,290.54998779296875,290.57501220703125,290.30999755859375,290.30999755859375,5470
2026-10-05 12:31:00,1791217860,TWLO,290.3399963378906,290.3399963378906,289.8699951171875,289.989990234375,4150
2026-10-05 12:32:00,1791217920,TWLO,290.0400085449219,290.20001220703125,289.6199951171875,289.7799987792969,10334
2026-10-05 12:33:00,1791217980,TWLO,289.94000244140625,289.94000244140625,289.7900085449219,289.7900085449219,2059
2026-10-05 12:35:00,1791218100,TWLO,289.6400146484375,290.57000732421875,289.6300048828125,290.5,13044
2026-10-05 12:36:00,1791218160,TWLO,290.5,290.5,290.4549865722656,290.4549865722656,1369
2026-10-05 12:37:00,1791218220,TWLO,290.1600036621094,290.32000732421875,290.0899963378906,290.32000732421875,3561
2026-10-05 12:38:00,1791218280,TWLO,290.3900146484375,290.3900146484375,290.1199951171875,290.2950134277344,894
2026-10-05 12:39:00,1791218340,TWLO,289.9100036621094,290.0,289.9100036621094,290.0,973
2026-10-05 12:40:00,1791218400,TWLO,289.9200134277344,290.3599853515625,289.9200134277344,290.3500061035156,2745
2026-10-05 12:41:00,1791218460,TWLO,290.4599914550781,290.4599914550781,290.4599914550781,290.4599914550781,357
2026-10-05 12:42:00,1791218520,TWLO,290.6099853515625,290.7300109863281,290.4599914550781,290.5,4832
2026-10-05 12:43:00,1791218580,TWLO,290.5199890136719,290.5199890136719,290.5199890136719,290.5199890136719,421
2026-10-05 12:44:00,1791218640,TWLO,290.3900146484375,290.5400085449219,290.3399963378906,290.3399963378906,1187
2026-10-05 12:45:00,1791218700,TWLO,290.42999267578125,290.6099853515625,290.29998779296875,290.4549865722656,10851
2026-10-05 12:46:00,1791218760,TWLO,290.4549865722656,290.6400146484375,290.2900085449219,290.4649963378906,1335
2026-10-05 12:47:00,1791218820,TWLO,290.2900085449219,290.5,290.2900085449219,290.4599914550781,1975
2026-10-05 12:48:00,1791218880,TWLO,290.4849853515625,292.3299865722656,290.4800109863281,292.2200012207031,10673
2026-10-05 12:49:00,1791218940,TWLO,292.1099853515625,292.364990234375,292.1000061035156,292.10009765625,8702
2026-10-05 12:50:00,1791219000,TWLO,292.29998779296875,292.8900146484375,292.29998779296875,292.8900146484375,3174
2026-10-05 12:51:00,1791219060,TWLO,292.6499938964844,292.8800048828125,292.0199890136719,292.0199890136719,5070
2026-10-05 12:52:00,1791219120,TWLO,292.260009765625,292.3450012207031,292.1400146484375,292.32501220703125,9463
2026-10-05 12:53:00,1791219180,TWLO,292.1000061035156,292.239990234375,292.0,292.239990234375,4184
2026-10-05 12:54:00,1791219240,TWLO,292.239990234375,292.28509521484375,292.19500732421875,292.19500732421875,1241
2026-10-05 12:55:00,1791219300,TWLO,292.19500732421875,292.2898864746094,292.1099853515625,292.2898864746094,1371
2026-10-05 12:56:00,1791219360,TWLO,291.92999267578125,291.9949951171875,291.9200134277344,291.989990234375,1671
2026-10-05 12:57:00,1791219420,TWLO,292.05499267578125,292.2300109863281,292.05499267578125,292.07000732421875,4723
2026-10-05 12:58:00,1791219480,TWLO,291.92999267578125,291.9949951171875,291.8800048828125,291.989990234375,1291
2026-10-05 12:59:00,1791219540,TWLO,291.82000732421875,291.82000732421875,291.739990234375,291.739990234375,2445
2026-10-05 13:00:00,1791219600,TWLO,291.7200012207031,292.07000732421875,291.7099914550781,292.06500244140625,2726
2026-10-05 13:01:00,1791219660,TWLO,292.19989013671875,292.4873046875,292.0199890136719,292.2950134277344,5771
2026-10-05 13:02:00,1791219720,TWLO,292.5098876953125,292.5098876953125,292.2799987792969,292.385009765625,3135
2026-10-05 13:03:00,1791219780,TWLO,292.3699951171875,292.3699951171875,292.3550109863281,292.3550109863281,2300
2026-10-05 13:04:00,1791219840,TWLO,292.56500244140625,292.5799865722656,292.5450134277344,292.5799865722656,1298
2026-10-05 13:05:00,1791219900,TWLO,292.55499267578125,292.55499267578125,292.5450134277344,292.5450134277344,1304
2026-10-05 13:06:00,1791219960,TWLO,292.5450134277344,292.5799865722656,292.4800109863281,292.5299987792969,4079
2026-10-05 13:07:00,1791220020,TWLO,292.5350036621094,293.1600036621094,292.5350036621094,293.010009765625,8612
2026-10-05 13:08:00,1791220080,TWLO,293.1199951171875,293.2850036621094,292.80999755859375,293.0,7996
2026-10-05 13:10:00,1791220200,TWLO,293.0450134277344,293.0450134277344,293.0450134277344,293.0450134277344,850
2026-10-05 13:11:00,1791220260,TWLO,293.0450134277344,293.0474853515625,293.0450134277344,293.0450134277344,1151
2026-10-05 13:12:00,1791220320,TWLO,293.072509765625,293.1650085449219,293.0299987792969,293.1650085449219,2060
2026-10-05 13:13:00,1791220380,TWLO,293.0299987792969,293.3299865722656,293.0299987792969,293.2799987792969,4938
2026-10-05 13:14:00,1791220440,TWLO,293.2850036621094,293.4800109863281,293.2850036621094,293.3900146484375,21195
2026-10-05 13:15:00,1791220500,TWLO,293.4599914550781,293.5,293.3450012207031,293.3450012207031,1794
2026-10-05 13:16:00,1791220560,TWLO,293.3699951171875,293.489990234375,293.2200012207031,293.489990234375,4795
2026-10-05 13:17:00,1791220620,TWLO,293.4200134277344,293.4200134277344,293.20001220703125,293.20001220703125,3607
2026-10-05 13:18:00,1791220680,TWLO,293.3699951171875,293.5199890136719,293.3699951171875,293.5199890136719,2700
2026-10-05 13:19:00,1791220740,TWLO,293.4800109863281,293.4800109863281,293.42999267578125,293.42999267578125,954
2026-10-05 13:20:00,1791220800,TWLO,293.4649963378906,293.4649963378906,293.2099914550781,293.3399963378906,2570
2026-10-05 13:21:00,1791220860,TWLO,293.4599914550781,293.4599914550781,293.3299865722656,293.3299865722656,1913
2026-10-05 13:22:00,1791220920,TWLO,293.3599853515625,293.7915954589844,293.3599853515625,293.5400085449219,6261
2026-10-05 13:23:00,1791220980,TWLO,293.760009765625,293.760009765625,293.36370849609375,293.36370849609375,960
2026-10-05 13:24:00,1791221040,TWLO,293.7799987792969,293.7799987792969,293.7799987792969,293.7799987792969,376
2026-10-05 13:25:00,1791221100,TWLO,293.54998779296875,293.7900085449219,293.54998779296875,293.5899963378906,12416
2026-10-05 13:26:00,1791221160,TWLO,293.6199951171875,293.6199951171875,293.2699890136719,293.3699951171875,3181
2026-10-05 13:27:00,1791221220,TWLO,293.58990478515625,293.58990478515625,293.2699890136719,293.3399963378906,2425
2026-10-05 13:28:00,1791221280,TWLO,293.45001220703125,293.7200012207031,293.45001220703125,293.69000244140625,5567
2026-10-05 13:29:00,1791221340,TWLO,293.7200012207031,293.7699890136719,293.57000732421875,293.6449890136719,3524
2026-10-05 13:30:00,1791221400,TWLO,293.635009765625,293.6499938964844,293.1199951171875,293.1824951171875,3887
2026-10-05 13:31:00,1791221460,TWLO,293.20001220703125,293.3900146484375,293.20001220703125,293.3399963378906,2678
2026-10-05 13:32:00,1791221520,TWLO,293.0799865722656,293.3550109863281,293.0799865722656,293.3550109863281,2530
2026-10-05 13:33:00,1791221580,TWLO,293.3599853515625,293.3599853515625,293.3399963378906,293.3399963378906,990
2026-10-05 13:34:00,1791221640,TWLO,293.5299072265625,293.5299072265625,293.3299865722656,293.3299865722656,3307
2026-10-05 13:35:00,1791221700,TWLO,293.17999267578125,293.2799987792969,293.17999267578125,293.2799987792969,960
2026-10-05 13:36:00,1791221760,TWLO,293.2099914550781,293.3399963378906,293.2099914550781,293.3299865722656,4141
2026-10-05 13:37:00,1791221820,TWLO,293.3349914550781,293.3349914550781,293.2200012207031,293.2950134277344,1461
2026-10-05 13:38:00,1791221880,TWLO,293.17999267578125,293.3399963378906,293.17999267578125,293.2699890136719,8473
2026-10-05 13:39:00,1791221940,TWLO,293.3800048828125,293.70001220703125,293.3800048828125,293.6499938964844,4778
2026-10-05 13:40:00,1791222000,TWLO,293.7325134277344,293.7325134277344,293.7325134277344,293.7325134277344,419
2026-10-05 13:41:00,1791222060,TWLO,293.760009765625,293.760009765625,293.5150146484375,293.6050109863281,2017
2026-10-05 13:42:00,1791222120,TWLO,293.6050109863281,293.6050109863281,292.6499938964844,292.7699890136719,8742
2026-10-05 13:43:00,1791222180,TWLO,292.8299865722656,292.8550109863281,292.6700134277344,292.8550109863281,1661
2026-10-05 13:44:00,1791222240,TWLO,292.87249755859375,293.32501220703125,292.87249755859375,293.2799987792969,5576
2026-10-05 13:45:00,1791222300,TWLO,293.510009765625,293.57501220703125,293.510009765625,293.57501220703125,1739
2026-10-05 13:46:00,1791222360,TWLO,293.57000732421875,293.57501220703125,293.57000732421875,293.57501220703125,668
2026-10-05 13:47:00,1791222420,TWLO,293.3500061035156,293.4649963378906,293.3500061035156,293.45001220703125,1435
2026-10-05 13:48:00,1791222480,TWLO,293.43499755859375,293.5199890136719,293.4150085449219,293.4150085449219,2003
2026-10-05 13:49:00,1791222540,TWLO,293.4150085449219,293.5,293.3399963378906,293.5,1123
2026-10-05 13:50:00,1791222600,TWLO,293.3999938964844,293.4100036621094,293.2300109863281,293.3800048828125,3976
2026-10-05 13:51:00,1791222660,TWLO,293.2749938964844,293.3367004394531,293.260009765625,293.3367004394531,4430
2026-10-05 13:52:00,1791222720,TWLO,293.3800048828125,293.6199951171875,293.364990234375,293.5849914550781,5253
2026-10-05 13:53:00,1791222780,TWLO,293.625,293.625,293.4800109863281,293.5,3239
2026-10-05 13:54:00,1791222840,TWLO,293.510009765625,293.5299987792969,293.5,293.5299987792969,1319
2026-10-05 13:55:00,1791222900,TWLO,293.489990234375,293.5150146484375,293.42999267578125,293.5150146484375,561
2026-10-05 13:56:00,1791222960,TWLO,293.5899963378906,293.6000061035156,293.1000061035156,293.1700134277344,5586
2026-10-05 13:57:00,1791223020,TWLO,293.0,293.0,292.7799987792969,292.79998779296875,2449
2026-10-05 13:58:00,1791223080,TWLO,292.92498779296875,293.1300048828125,292.92498779296875,293.0450134277344,3730
2026-10-05 13:59:00,1791223140,TWLO,293.1300048828125,293.1300048828125,292.94000244140625,292.9750061035156,2189
2026-10-05 14:00:00,1791223200,TWLO,292.9649963378906,293.2449951171875,292.9649963378906,293.2449951171875,2882
2026-10-05 14:01:00,1791223260,TWLO,293.41729736328125,293.4599914550781,293.0400085449219,293.239990234375,5797
2026-10-05 14:02:00,1791223320,TWLO,293.239990234375,293.25,293.239990234375,293.2449951171875,4171
2026-10-05 14:03:00,1791223380,TWLO,293.2699890136719,293.2699890136719,292.7799987792969,292.82000732421875,15329
2026-10-05 14:04:00,1791223440,TWLO,292.8550109863281,293.1400146484375,292.8550109863281,293.1400146484375,2755
2026-10-05 14:05:00,1791223500,TWLO,293.05999755859375,293.1700134277344,292.8800048828125,293.1700134277344,2446
2026-10-05 14:06:00,1791223560,TWLO,292.9800109863281,293.3699951171875,292.9800109863281,293.31500244140625,3596
2026-10-05 14:07:00,1791223620,TWLO,293.260009765625,293.2799987792969,293.20001220703125,293.2699890136719,2656
2026-10-05 14:08:00,1791223680,TWLO,293.2449951171875,293.2449951171875,293.1400146484375,293.2200012207031,2481
2026-10-05 14:09:00,1791223740,TWLO,293.1700134277344,293.1700134277344,293.1700134277344,293.1700134277344,473
2026-10-05 14:10:00,1791223800,TWLO,293.30999755859375,293.4100036621094,293.2799987792969,293.3349914550781,4828
2026-10-05 14:11:00,1791223860,TWLO,293.18011474609375,293.3399963378906,293.18011474609375,293.3349914550781,2011
2026-10-05 14:12:00,1791223920,TWLO,293.3349914550781,293.3349914550781,292.94000244140625,292.94000244140625,10030
2026-10-05 14:13:00,1791223980,TWLO,293.010009765625,293.6799011230469,292.989990234375,293.489990234375,8053
2026-10-05 14:14:00,1791224040,TWLO,293.42999267578125,293.4700012207031,293.3699951171875,293.3699951171875,1186
2026-10-05 14:15:00,1791224100,TWLO,293.44500732421875,293.4700012207031,293.44500732421875,293.45001220703125,1054
2026-10-05 14:16:00,1791224160,TWLO,293.45001220703125,293.45001220703125,293.2300109863281,293.32000732421875,2765
2026-10-05 14:17:00,1791224220,TWLO,293.3349914550781,293.3399963378906,293.30499267578125,293.30999755859375,2897
2026-10-05 14:18:00,1791224280,TWLO,293.30999755859375,293.57000732421875,293.30999755859375,293.5199890136719,4140
2026-10-05 14:19:00,1791224340,TWLO,293.3999938964844,293.3999938964844,293.3299865722656,293.3900146484375,4535
2026-10-05 14:20:00,1791224400,TWLO,293.3900146484375,293.55999755859375,293.3900146484375,293.55999755859375,3004
2026-10-05 14:21:00,1791224460,TWLO,293.4200134277344,293.67498779296875,293.4200134277344,293.67498779296875,977
2026-10-05 14:22:00,1791224520,TWLO,293.68499755859375,293.68499755859375,293.68499755859375,293.68499755859375,1724
2026-10-05 14:23:00,1791224580,TWLO,293.5299987792969,293.7699890136719,293.5299987792969,293.6650085449219,2025
2026-10-05 14:24:00,1791224640,TWLO,293.5899963378906,293.6000061035156,292.6700134277344,292.6700134277344,27328
2026-10-05 14:25:00,1791224700,TWLO,292.3500061035156,292.4200134277344,292.1099853515625,292.32501220703125,8103
2026-10-05 14:26:00,1791224760,TWLO,292.3999938964844,292.3999938964844,292.3999938964844,292.3999938964844,2453
2026-10-05 14:27:00,1791224820,TWLO,292.4049987792969,292.4100036621094,292.3599853515625,292.385009765625,1811
2026-10-05 14:28:00,1791224880,TWLO,292.6098937988281,292.6098937988281,292.05999755859375,292.2300109863281,7879
2026-10-05 14:29:00,1791224940,TWLO,292.42999267578125,292.42999267578125,291.9800109863281,292.2049865722656,2418
2026-10-05 14:30:00,1791225000,TWLO,292.19500732421875,292.2900085449219,292.0899963378906,292.2900085449219,4860
2026-10-05 14:31:00,1791225060,TWLO,292.29998779296875,292.4999084472656,292.2799987792969,292.3450012207031,5692
2026-10-05 14:32:00,1791225120,TWLO,292.3450012207031,292.3900146484375,292.3399963378906,292.3450927734375,1422
2026-10-05 14:33:00,1791225180,TWLO,292.3450012207031,292.364990234375,292.2300109863281,292.2300109863281,1595
2026-10-05 14:34:00,1791225240,TWLO,292.364990234375,292.364990234375,292.239990234375,292.3450012207031,1953
2026-10-05 14:35:00,1791225300,TWLO,292.45001220703125,292.45001220703125,292.3999938964844,292.3999938964844,2611
2026-10-05 14:36:00,1791225360,TWLO,292.4800109863281,292.5400085449219,292.4049987792969,292.4125061035156,2399
2026-10-05 14:37:00,1791225420,TWLO,292.3399963378906,292.5400085449219,292.2900085449219,292.2900085449219,4516
2026-10-05 14:38:00,1791225480,TWLO,292.4200134277344,292.4200134277344,292.1499938964844,292.1499938964844,5256
2026-10-05 14:39:00,1791225540,TWLO,292.1499938964844,292.30999755859375,291.95001220703125,292.239990234375,7342
2026-10-05 14:40:00,1791225600,TWLO,292.0400085449219,292.0400085449219,291.69000244140625,291.8900146484375,3737
2026-10-05 14:41:00,1791225660,TWLO,292.0899963378906,292.0899963378906,291.80999755859375,292.0899963378906,2783
2026-10-05 14:42:00,1791225720,TWLO,291.9049987792969,291.92498779296875,291.760009765625,291.7699890136719,3634
2026-10-05 14:43:00,1791225780,TWLO,291.7799987792969,291.9125061035156,291.7699890136719,291.8500061035156,4558
2026-10-05 14:44:00,1791225840,TWLO,291.8500061035156,292.114990234375,291.7200012207031,292.114990234375,8315
2026-10-05 14:45:00,1791225900,TWLO,292.1000061035156,292.1600036621094,291.5,291.5199890136719,4497
2026-10-05 14:46:00,1791225960,TWLO,291.6000061035156,291.7699890136719,291.6000061035156,291.7699890136719,3065
2026-10-05 14:47:00,1791226020,TWLO,291.82000732421875,291.94000244140625,291.5199890136719,291.5375061035156,4143
2026-10-05 14:48:00,1791226080,TWLO,291.7300109863281,291.79998779296875,291.6499938964844,291.7900085449219,3695
2026-10-05 14:49:00,1791226140,TWLO,291.7749938964844,291.7749938964844,291.7449951171875,291.75,2425
2026-10-05 14:50:00,1791226200,TWLO,291.75,291.8699951171875,291.6700134277344,291.82501220703125,4514
2026-10-05 14:51:00,1791226260,TWLO,291.82501220703125,291.82501220703125,291.6199951171875,291.6199951171875,3163
2026-10-05 14:52:00,1791226320,TWLO,291.7349853515625,291.8500061035156,291.7349853515625,291.760009765625,5939
2026-10-05 14:53:00,1791226380,TWLO,291.7950134277344,291.7950134277344,291.6099853515625,291.6099853515625,2608
2026-10-05 14:54:00,1791226440,TWLO,291.6000061035156,291.7900085449219,291.1499938964844,291.1499938964844,9668
2026-10-05 14:55:00,1791226500,TWLO,291.64990234375,291.64990234375,291.1099853515625,291.1499938964844,3575
2026-10-05 14:56:00,1791226560,TWLO,291.04010009765625,291.3399963378906,290.8399963378906,290.8399963378906,5724
2026-10-05 14:57:00,1791226620,TWLO,290.864990234375,291.07501220703125,290.75,290.760009765625,2615
2026-10-05 14:58:00,1791226680,TWLO,290.8999938964844,290.8999938964844,290.5199890136719,290.54998779296875,8040
2026-10-05 14:59:00,1791226740,TWLO,290.7149963378906,290.8900146484375,290.5199890136719,290.79998779296875,7410
2026-10-05 15:00:00,1791226800,TWLO,290.67999267578125,290.8399963378906,290.54998779296875,290.8399963378906,5271
2026-10-05 15:01:00,1791226860,TWLO,290.8599853515625,290.9200134277344,290.7699890136719,290.7749938964844,4384
2026-10-05 15:02:00,1791226920,TWLO,290.94000244140625,290.94000244140625,290.6199951171875,290.6499938964844,2434
2026-10-05 15:03:00,1791226980,TWLO,290.6099853515625,290.94000244140625,290.6099853515625,290.7850036621094,3918
2026-10-05 15:04:00,1791227040,TWLO,290.7950134277344,291.1199951171875,290.6499938964844,291.1199951171875,7958
2026-10-05 15:05:00,1791227100,TWLO,291.2300109863281,292.0400085449219,291.2300109863281,291.8900146484375,6775
2026-10-05 15:06:00,1791227160,TWLO,291.7200012207031,291.989990234375,291.7200012207031,291.9800109863281,4139
2026-10-05 15:07:00,1791227220,TWLO,291.8349914550781,291.8399963378906,291.3999938964844,291.5799865722656,8502
2026-10-05 15:08:00,1791227280,TWLO,291.5199890136719,291.5199890136719,290.8900146484375,290.95001220703125,10076
2026-10-05 15:09:00,1791227340,TWLO,291.1499938964844,291.2049865722656,291.0400085449219,291.20001220703125,7069
2026-10-05 15:10:00,1791227400,TWLO,291.1000061035156,291.20001220703125,290.8699951171875,290.95001220703125,7272
2026-10-05 15:11:00,1791227460,TWLO,291.1000061035156,291.3500061035156,291.1000061035156,291.3500061035156,3868
2026-10-05 15:12:00,1791227520,TWLO,291.2200012207031,291.5400085449219,291.2200012207031,291.2300109863281,3825
2026-10-05 15:13:00,1791227580,TWLO,291.5199890136719,291.79998779296875,291.20001220703125,291.239990234375,7260
2026-10-05 15:14:00,1791227640,TWLO,291.3599853515625,291.6199951171875,291.3599853515625,291.44000244140625,5439
2026-10-05 15:15:00,1791227700,TWLO,291.6050109863281,291.75,291.3699951171875,291.5849914550781,3936
2026-10-05 15:16:00,1791227760,TWLO,291.54998779296875,291.54998779296875,291.2799987792969,291.2799987792969,3278
2026-10-05 15:17:00,1791227820,TWLO,291.4049987792969,291.7200012207031,291.32000732421875,291.67498779296875,6511
2026-10-05 15:18:00,1791227880,TWLO,291.6700134277344,291.9100036621094,291.4200134277344,291.6650085449219,4042
2026-10-05 15:19:00,1791227940,TWLO,291.6650085449219,291.89990234375,291.3599853515625,291.3599853515625,5570
2026-10-05 15:20:00,1791228000,TWLO,291.3500061035156,291.7200012207031,291.1099853515625,291.3900146484375,12460
2026-10-05 15:21:00,1791228060,TWLO,291.4750061035156,291.4750061035156,291.3299865722656,291.4700012207031,2787
2026-10-05 15:22:00,1791228120,TWLO,291.489990234375,291.7049865722656,291.3500061035156,291.6000061035156,8754
2026-10-05 15:23:00,1791228180,TWLO,291.489990234375,291.6600036621094,291.3500061035156,291.6199951171875,8682
2026-10-05 15:24:00,1791228240,TWLO,291.6199951171875,292.05999755859375,291.44000244140625,291.610107421875,9672
2026-10-05 15:25:00,1791228300,TWLO,291.6300048828125,292.0220947265625,291.6300048828125,291.80999755859375,3968
2026-10-05 15:26:00,1791228360,TWLO,291.82000732421875,291.82501220703125,291.6499938964844,291.82501220703125,2814
2026-10-05 15:27:00,1791228420,TWLO,291.8399963378906,291.8599853515625,291.6700134277344,291.70001220703125,4458
2026-10-05 15:28:00,1791228480,TWLO,291.68011474609375,291.885009765625,291.67999267578125,291.7099914550781,8710
2026-10-05 15:29:00,1791228540,TWLO,291.8349914550781,292.239990234375,291.7300109863281,292.239990234375,14410
2026-10-05 15:30:00,1791228600,TWLO,292.18499755859375,292.70001220703125,292.18499755859375,292.5400085449219,8261
2026-10-05 15:31:00,1791228660,TWLO,292.5400085449219,292.79998779296875,292.32000732421875,292.5199890136719,15158
2026-10-05 15:32:00,1791228720,TWLO,292.3900146484375,292.45001220703125,292.0899963378906,292.1499938964844,7934
2026-10-05 15:33:00,1791228780,TWLO,292.1499938964844,292.19500732421875,291.9700012207031,291.9700012207031,13308
2026-10-05 15:34:00,1791228840,TWLO,292.0299987792969,292.239990234375,291.92999267578125,292.05499267578125,10805
2026-10-05 15:35:00,1791228900,TWLO,292.25,292.4100036621094,292.17999267578125,292.30499267578125,5974
2026-10-05 15:36:00,1791228960,TWLO,292.30499267578125,293.0,292.19000244140625,292.9649963378906,15754
2026-10-05 15:37:00,1791229020,TWLO,293.239990234375,293.6300048828125,293.1600036621094,293.42999267578125,12001
2026-10-05 15:38:00,1791229080,TWLO,293.5,294.3500061035156,293.489990234375,293.6000061035156,19486
2026-10-05 15:39:00,1791229140,TWLO,293.4200134277344,293.4800109863281,293.2300109863281,293.3299865722656,6347
2026-10-05 15:40:00,1791229200,TWLO,293.29998779296875,293.3399963378906,292.7200012207031,292.9049987792969,5923
2026-10-05 15:41:00,1791229260,TWLO,292.9800109863281,293.00750732421875,292.69000244140625,292.94000244140625,15096
2026-10-05 15:42:00,1791229320,TWLO,292.95001220703125,293.07000732421875,292.70001220703125,292.70001220703125,9547
2026-10-05 15:43:00,1791229380,TWLO,292.9100036621094,293.04998779296875,292.54998779296875,292.9100036621094,8880
2026-10-05 15:44:00,1791229440,TWLO,293.239990234375,293.3299865722656,292.82000732421875,293.25,12335
2026-10-05 15:45:00,1791229500,TWLO,293.04998779296875,293.5,292.8900146484375,293.4176940917969,21809
2026-10-05 15:46:00,1791229560,TWLO,293.07000732421875,293.0849914550781,292.6400146484375,292.69500732421875,6852
2026-10-05 15:47:00,1791229620,TWLO,292.5400085449219,292.9599914550781,292.260009765625,292.9599914550781,13277
2026-10-05 15:48:00,1791229680,TWLO,292.8800048828125,293.32000732421875,292.8399963378906,293.2900085449219,16189
2026-10-05 15:49:00,1791229740,TWLO,293.1199951171875,293.510009765625,292.8500061035156,293.4649963378906,30019
2026-10-05 15:50:00,1791229800,TWLO,293.3299865722656,294.8900146484375,292.6499938964844,293.1300048828125,149528
2026-10-05 15:51:00,1791229860,TWLO,293.1300048828125,294.0299987792969,293.1300048828125,293.8699951171875,78612
2026-10-05 15:52:00,1791229920,TWLO,293.8550109863281,294.0,293.70001220703125,293.8299865722656,82730
2026-10-05 15:53:00,1791229980,TWLO,293.7950134277344,293.94000244140625,293.510009765625,293.7850036621094,55852
2026-10-05 15:54:00,1791230040,TWLO,293.82501220703125,294.0,293.6499938964844,293.7900085449219,44731
2026-10-05 15:55:00,1791230100,TWLO,293.70001220703125,296.0,293.6300048828125,295.489990234375,192678
2026-10-05 15:56:00,1791230160,TWLO,295.5899963378906,295.7699890136719,293.3500061035156,294.1700134277344,125744
2026-10-05 15:57:00,1791230220,TWLO,294.07000732421875,294.79998779296875,293.67999267578125,294.7699890136719,143002
2026-10-05 15:58:00,1791230280,TWLO,294.7699890136719,298.2099914550781,294.7699890136719,297.8949890136719,291950
2026-10-05 15:59:00,1791230340,TWLO,297.8900146484375,304.80999755859375,297.0400085449219,301.5299987792969,779955
2026-10-05 16:00:00,1791230400,TWLO,300.9100036621094,300.9100036621094,300.9100036621094,300.9100036621094,0
2026-10-06 09:30:00,1791293400,TWLO,302.1499938964844,304.6300048828125,301.260009765625,303.5299987792969,94881
2026-10-06 09:31:00,1791293460,TWLO,303.5299987792969,308.0,302.1000061035156,306.45001220703125,70236
2026-10-06 09:32:00,1791293520,TWLO,306.30999755859375,308.3999938964844,305.5,307.04998779296875,38557
2026-10-06 09:33:00,1791293580,TWLO,307.1099853515625,307.1099853515625,306.0,306.7850036621094,8511
2026-10-06 09:34:00,1791293640,TWLO,305.7699890136719,306.2699890136719,303.44500732421875,303.8299865722656,64536
2026-10-06 09:35:00,1791293700,TWLO,304.2699890136719,305.7300109863281,303.55999755859375,305.3399963378906,28112
2026-10-06 09:36:00,1791293760,TWLO,305.0491027832031,305.8999938964844,303.1549987792969,304.07501220703125,71900
2026-10-06 09:37:00,1791293820,TWLO,302.8800048828125,304.0,302.55999755859375,303.45001220703125,11499
2026-10-06 09:38:00,1791293880,TWLO,303.5907897949219,304.79998779296875,303.2349853515625,303.57501220703125,12562
2026-10-06 09:39:00,1791293940,TWLO,303.57501220703125,303.94989013671875,302.55999755859375,302.55999755859375,10101
2026-10-06 09:40:00,1791294000,TWLO,302.5849914550781,304.0,301.32000732421875,301.79998779296875,25542
2026-10-06 09:41:00,1791294060,TWLO,301.6000061035156,301.6000061035156,298.79998779296875,299.44000244140625,53726
2026-10-06 09:42:00,1791294120,TWLO,299.3299865722656,301.2650146484375,299.05999755859375,301.2650146484375,14505
2026-10-06 09:43:00,1791294180,TWLO,301.2550048828125,301.2550048828125,299.739990234375,300.2200012207031,9998
2026-10-06 09:44:00,1791294240,TWLO,300.9775085449219,301.1099853515625,300.9775085449219,300.989990234375,9368
2026-10-06 09:45:00,1791294300,TWLO,301.0400085449219,302.0,301.0350036621094,301.0849914550781,8345
2026-10-06 09:46:00,1791294360,TWLO,301.4750061035156,302.1099853515625,301.0199890136719,301.4200134277344,9812
2026-10-06 09:47:00,1791294420,TWLO,301.2099914550781,301.2099914550781,300.989990234375,301.1650085449219,3925
2026-10-06 09:48:00,1791294480,TWLO,300.9599914550781,301.07000732421875,299.760009765625,300.125,15053
2026-10-06 09:49:00,1791294540,TWLO,300.1199951171875,300.4800109863281,299.0400085449219,299.9255065917969,11241
2026-10-06 09:50:00,1791294600,TWLO,299.7200012207031,300.4100036621094,299.0625,299.5249938964844,16209
2026-10-06 09:51:00,1791294660,TWLO,299.5249938964844,301.0199890136719,299.3399963378906,300.80999755859375,21438
2026-10-06 09:52:00,1791294720,TWLO,300.952392578125,300.952392578125,300.1300048828125,300.3399963378906,5753
2026-10-06 09:53:00,1791294780,TWLO,300.43499755859375,301.07000732421875,299.4200134277344,299.739990234375,12357
2026-10-06 09:54:00,1791294840,TWLO,299.45001220703125,300.0799865722656,299.04998779296875,300.0799865722656,7029
2026-10-06 09:55:00,1791294900,TWLO,299.260009765625,300.2200012207031,299.260009765625,300.2200012207031,3568
2026-10-06 09:56:00,1791294960,TWLO,300.2300109863281,300.6199951171875,299.8999938964844,299.94000244140625,8044
2026-10-06 09:57:00,1791295020,TWLO,299.7099914550781,299.7099914550781,298.9200134277344,299.0199890136719,6059
2026-10-06 09:58:00,1791295080,TWLO,299.3699951171875,299.3699951171875,298.75,298.75,7093
2026-10-06 09:59:00,1791295140,TWLO,298.5950012207031,298.7900085449219,297.9100036621094,297.9100036621094,23286
2026-10-06 10:00:00,1791295200,TWLO,298.239990234375,298.239990234375,296.2699890136719,297.375,10363
2026-10-06 10:01:00,1791295260,TWLO,297.614990234375,297.70001220703125,297.1499938964844,297.4750061035156,5408
2026-10-06 10:02:00,1791295320,TWLO,297.4800109863281,297.5150146484375,295.010009765625,295.2049865722656,9727
2026-10-06 10:03:00,1791295380,TWLO,295.0,295.0,294.3399963378906,294.69000244140625,12740
2026-10-06 10:04:00,1791295440,TWLO,294.8999938964844,294.989990234375,293.2799987792969,293.8399963378906,15950
2026-10-06 10:05:00,1791295500,TWLO,293.3599853515625,294.1499938964844,292.8500061035156,293.7850036621094,12412
2026-10-06 10:06:00,1791295560,TWLO,293.8900146484375,293.8900146484375,291.9588928222656,292.0950012207031,11131
2026-10-06 10:07:00,1791295620,TWLO,292.2799987792969,292.4100036621094,291.29998779296875,291.3599853515625,13310
2026-10-06 10:08:00,1791295680,TWLO,291.30999755859375,293.3500061035156,291.30999755859375,293.3500061035156,17390
2026-10-06 10:09:00,1791295740,TWLO,293.2850036621094,294.0,293.0,293.69000244140625,6986
2026-10-06 10:10:00,1791295800,TWLO,293.69500732421875,294.17999267578125,292.760009765625,293.0,7868
2026-10-06 10:11:00,1791295860,TWLO,292.80999755859375,292.94000244140625,291.75,292.4599914550781,5051
2026-10-06 10:12:00,1791295920,TWLO,292.364990234375,292.9599914550781,291.79998779296875,292.0400085449219,12773
2026-10-06 10:13:00,1791295980,TWLO,291.9100036621094,292.25,291.4200134277344,291.9549865722656,9274
2026-10-06 10:14:00,1791296040,TWLO,291.95001220703125,292.2749938964844,291.55010986328125,292.2449951171875,8435
2026-10-06 10:15:00,1791296100,TWLO,292.25,292.5,292.0050048828125,292.0400085449219,7596
2026-10-06 10:16:00,1791296160,TWLO,292.1000061035156,292.30999755859375,291.5700988769531,292.0299987792969,4915
2026-10-06 10:17:00,1791296220,TWLO,292.0150146484375,292.6600036621094,291.94000244140625,292.6600036621094,10276
2026-10-06 10:18:00,1791296280,TWLO,292.3800048828125,293.8999938964844,292.3800048828125,293.8598937988281,9850
2026-10-06 10:19:00,1791296340,TWLO,293.3949890136719,293.3949890136719,292.67999267578125,292.70001220703125,8493
2026-10-06 10:20:00,1791296400,TWLO,292.70001220703125,292.70001220703125,292.2300109863281,292.2950134277344,6520
2026-10-06 10:21:00,1791296460,TWLO,292.0299987792969,292.2499084472656,291.6099853515625,292.2300109863281,10827
2026-10-06 10:22:00,1791296520,TWLO,292.0249938964844,292.25,292.0249938964844,292.05999755859375,4374
2026-10-06 10:23:00,1791296580,TWLO,291.9949951171875,292.1400146484375,290.9700012207031,291.0799865722656,9582
2026-10-06 10:24:00,1791296640,TWLO,291.3999938964844,291.4750061035156,290.75,291.17498779296875,4531
2026-10-06 10:25:00,1791296700,TWLO,291.19000244140625,291.2900085449219,290.75,290.989990234375,4028
2026-10-06 10:26:00,1791296760,TWLO,290.79998779296875,291.0,290.0606994628906,290.1099853515625,3482
2026-10-06 10:27:00,1791296820,TWLO,290.0899963378906,290.0899963378906,289.19000244140625,289.6654052734375,9068
2026-10-06 10:28:00,1791296880,TWLO,289.54998779296875,290.1600036621094,289.5199890136719,289.92498779296875,23190
2026-10-06 10:29:00,1791296940,TWLO,290.05999755859375,290.1700134277344,288.2099914550781,288.6700134277344,61307
2026-10-06 10:30:00,1791297000,TWLO,288.6700134277344,289.19000244140625,288.5,288.5450134277344,12116
2026-10-06 10:31:00,1791297060,TWLO,288.5450134277344,289.25,288.3699951171875,288.760009765625,10786
2026-10-06 10:32:00,1791297120,TWLO,288.7349853515625,288.90869140625,287.3699951171875,288.2250061035156,9328
2026-10-06 10:33:00,1791297180,TWLO,288.1050109863281,288.3399963378906,288.0,288.2449951171875,4080
2026-10-06 10:34:00,1791297240,TWLO,288.0,288.1199951171875,287.5199890136719,287.92999267578125,8900
2026-10-06 10:35:00,1791297300,TWLO,287.75,288.17999267578125,287.3599853515625,287.3599853515625,11154
2026-10-06 10:36:00,1791297360,TWLO,287.7099914550781,287.9100036621094,287.57501220703125,287.57501220703125,2617
2026-10-06 10:37:00,1791297420,TWLO,287.67999267578125,287.68499755859375,287.3800048828125,287.5199890136719,4309
2026-10-06 10:38:00,1791297480,TWLO,287.57000732421875,289.0255126953125,287.5299987792969,288.42498779296875,12185
2026-10-06 10:39:00,1791297540,TWLO,288.7799987792969,289.19000244140625,288.4200134277344,288.7049865722656,4072
2026-10-06 10:40:00,1791297600,TWLO,288.67999267578125,289.3699951171875,288.67999267578125,289.25,6453
2026-10-06 10:41:00,1791297660,TWLO,289.4241027832031,289.739990234375,288.3399963378906,289.739990234375,15399
2026-10-06 10:42:00,1791297720,TWLO,289.864990234375,290.875,289.8500061035156,290.875,5250
2026-10-06 10:43:00,1791297780,TWLO,291.2450866699219,291.2450866699219,289.95001220703125,290.1050109863281,5267
2026-10-06 10:44:00,1791297840,TWLO,290.2749938964844,290.510009765625,290.25,290.25,1520
2026-10-06 10:45:00,1791297900,TWLO,290.05999755859375,290.05999755859375,289.2099914550781,289.2699890136719,3785
2026-10-06 10:46:00,1791297960,TWLO,288.8900146484375,289.010009765625,288.6300048828125,288.7300109863281,1623
2026-10-06 10:47:00,1791298020,TWLO,288.4800109863281,289.32000732421875,288.4100036621094,289.1099853515625,9946
2026-10-06 10:48:00,1791298080,TWLO,289.0,289.6400146484375,289.0,289.5450134277344,6678
2026-10-06 10:49:00,1791298140,TWLO,289.8299865722656,289.8299865722656,289.239990234375,289.6449890136719,1713
2026-10-06 10:50:00,1791298200,TWLO,289.6449890136719,290.17999267578125,289.30999755859375,289.385009765625,10207
2026-10-06 10:51:00,1791298260,TWLO,289.4649963378906,289.4649963378906,289.17999267578125,289.17999267578125,3115
2026-10-06 10:52:00,1791298320,TWLO,289.1199951171875,289.8800048828125,289.1199951171875,289.8299865722656,7755
2026-10-06 10:53:00,1791298380,TWLO,290.0,290.1700134277344,289.78009033203125,289.92999267578125,4238
2026-10-06 10:54:00,1791298440,TWLO,290.1650085449219,290.3999938964844,289.8599853515625,290.1000061035156,3639
2026-10-06 10:55:00,1791298500,TWLO,290.2799987792969,290.2799987792969,290.010009765625,290.2200927734375,3244
2026-10-06 10:56:00,1791298560,TWLO,289.9700012207031,290.2200012207031,289.7699890136719,290.19000244140625,11224
2026-10-06 10:57:00,1791298620,TWLO,290.0,290.010009765625,289.6099853515625,289.7900085449219,6537
2026-10-06 10:58:00,1791298680,TWLO,289.70001220703125,289.739990234375,288.4800109863281,289.04998779296875,17788
2026-10-06 10:59:00,1791298740,TWLO,288.8699951171875,289.1000061035156,288.0,288.2300109863281,9704
2026-10-06 11:00:00,1791298800,TWLO,288.20001220703125,288.20001220703125,287.1400146484375,287.43499755859375,11264
2026-10-06 11:01:00,1791298860,TWLO,287.42999267578125,287.9100036621094,287.17999267578125,287.9100036621094,14563
2026-10-06 11:02:00,1791298920,TWLO,287.6650085449219,287.6650085449219,287.260009765625,287.260009765625,1967
2026-10-06 11:03:00,1791298980,TWLO,287.5201110839844,288.5199890136719,287.5201110839844,288.5199890136719,8317
2026-10-06 11:04:00,1791299040,TWLO,288.5199890136719,288.5199890136719,287.8999938964844,288.3351135253906,4577
2026-10-06 11:05:00,1791299100,TWLO,287.6700134277344,288.6300048828125,287.6700134277344,288.5899963378906,9183
2026-10-06 11:06:00,1791299160,TWLO,289.0,289.42999267578125,288.25,288.5,8852
2026-10-06 11:07:00,1791299220,TWLO,288.1449890136719,288.4599914550781,287.989990234375,288.34051513671875,8198
2026-10-06 11:08:00,1791299280,TWLO,288.3500061035156,288.7699890136719,288.1400146484375,288.7550048828125,7222
2026-10-06 11:09:00,1791299340,TWLO,288.7550048828125,289.3599853515625,288.57000732421875,289.07000732421875,8319
2026-10-06 11:10:00,1791299400,TWLO,289.07501220703125,289.3599853515625,289.07000732421875,289.3389892578125,1812
2026-10-06 11:11:00,1791299460,TWLO,289.0799865722656,289.44000244140625,289.07501220703125,289.260009765625,8822
2026-10-06 11:12:00,1791299520,TWLO,289.0899963378906,289.2099914550781,289.0450134277344,289.0450134277344,3925
2026-10-06 11:13:00,1791299580,TWLO,288.94500732421875,288.9599914550781,288.94500732421875,288.95001220703125,1586
2026-10-06 11:14:00,1791299640,TWLO,288.94500732421875,289.02459716796875,288.79998779296875,289.02459716796875,1565
2026-10-06 11:15:00,1791299700,TWLO,288.3599853515625,288.67999267578125,288.32000732421875,288.6600036621094,4156
2026-10-06 11:16:00,1791299760,TWLO,288.510009765625,288.510009765625,287.6300048828125,287.9049987792969,4881
2026-10-06 11:17:00,1791299820,TWLO,287.8999938964844,287.9100036621094,287.67999267578125,287.67999267578125,3805
2026-10-06 11:18:00,1791299880,TWLO,287.739990234375,287.8349914550781,287.5,287.82501220703125,3126
2026-10-06 11:19:00,1791299940,TWLO,287.69000244140625,288.2200012207031,287.6000061035156,288.0150146484375,4276
2026-10-06 11:20:00,1791300000,TWLO,288.0150146484375,288.2300109863281,287.2699890136719,287.3699951171875,15981
2026-10-06 11:21:00,1791300060,TWLO,287.2799987792969,287.5150146484375,286.6400146484375,287.1199951171875,34264
2026-10-06 11:22:00,1791300120,TWLO,287.31500244140625,287.31500244140625,287.0,287.29791259765625,3085
2026-10-06 11:23:00,1791300180,TWLO,287.17498779296875,287.35809326171875,286.90008544921875,287.17498779296875,5970
2026-10-06 11:24:00,1791300240,TWLO,287.17498779296875,287.6199951171875,286.9800109863281,287.20001220703125,20276
2026-10-06 11:25:00,1791300300,TWLO,287.2699890136719,287.2749938964844,286.4901123046875,286.4901123046875,8885
2026-10-06 11:26:00,1791300360,TWLO,286.92999267578125,286.92999267578125,286.0000915527344,286.2799987792969,11758
2026-10-06 11:27:00,1791300420,TWLO,286.1177978515625,286.6700134277344,286.0000915527344,286.3299865722656,20678
2026-10-06 11:28:00,1791300480,TWLO,286.635009765625,286.6499938964844,286.0799865722656,286.6499938964844,5346
2026-10-06 11:29:00,1791300540,TWLO,286.9898986816406,287.19000244140625,286.4200134277344,287.17999267578125,8634
2026-10-06 11:30:00,1791300600,TWLO,287.2200012207031,287.2699890136719,286.989990234375,287.2650146484375,3177
2026-10-06 11:31:00,1791300660,TWLO,287.260009765625,287.260009765625,287.0400085449219,287.2550048828125,3768
2026-10-06 11:32:00,1791300720,TWLO,287.0,287.8999938964844,286.8500061035156,287.8599853515625,10021
2026-10-06 11:33:00,1791300780,TWLO,287.8999938964844,287.8999938964844,287.6700134277344,287.7699890136719,3243
2026-10-06 11:34:00,1791300840,TWLO,287.1700134277344,287.3374938964844,287.1400146484375,287.3374938964844,1405
2026-10-06 11:35:00,1791300900,TWLO,287.54998779296875,287.75,287.5450134277344,287.6000061035156,2386
2026-10-06 11:36:00,1791300960,TWLO,287.625,287.8609924316406,287.5101013183594,287.5101013183594,3127
2026-10-06 11:37:00,1791301020,TWLO,287.7449951171875,287.8900146484375,287.55999755859375,287.7300109863281,1816
2026-10-06 11:38:00,1791301080,TWLO,287.7200012207031,287.92999267578125,287.7200012207031,287.8999938964844,2577
2026-10-06 11:39:00,1791301140,TWLO,287.875,287.875,287.6600036621094,287.875,859
2026-10-06 11:40:00,1791301200,TWLO,288.010009765625,288.1700134277344,287.8299865722656,288.0799865722656,7076
2026-10-06 11:41:00,1791301260,TWLO,288.17999267578125,288.17999267578125,288.010009765625,288.010009765625,1445
2026-10-06 11:42:00,1791301320,TWLO,288.1600036621094,288.32000732421875,287.80999755859375,288.0150146484375,8705
2026-10-06 11:43:00,1791301380,TWLO,287.80999755859375,287.80999755859375,287.260009765625,287.3399963378906,7966
2026-10-06 11:44:00,1791301440,TWLO,287.4849853515625,287.70001220703125,287.4849853515625,287.6400146484375,1764
2026-10-06 11:45:00,1791301500,TWLO,287.6400146484375,287.6400146484375,287.53009033203125,287.6199951171875,1570
2026-10-06 11:46:00,1791301560,TWLO,287.54998779296875,287.6099853515625,287.5199890136719,287.56500244140625,4321
2026-10-06 11:47:00,1791301620,TWLO,287.4200134277344,287.8999938964844,287.4200134277344,287.739990234375,2303
2026-10-06 11:48:00,1791301680,TWLO,287.8599853515625,288.0274963378906,287.8500061035156,287.8550109863281,5624
2026-10-06 11:49:00,1791301740,TWLO,287.8299865722656,288.1099853515625,287.7200012207031,287.7900085449219,12824
2026-10-06 11:50:00,1791301800,TWLO,287.68499755859375,287.79998779296875,287.57000732421875,287.7250061035156,2910
2026-10-06 11:51:00,1791301860,TWLO,287.57000732421875,287.57000732421875,287.5199890136719,287.5199890136719,1217
2026-10-06 11:52:00,1791301920,TWLO,287.3299865722656,287.79998779296875,287.3299865722656,287.5950012207031,5250
2026-10-06 11:53:00,1791301980,TWLO,287.69000244140625,287.7875061035156,287.3999938964844,287.3999938964844,5291
2026-10-06 11:54:00,1791302040,TWLO,287.385009765625,287.385009765625,287.385009765625,287.385009765625,343
2026-10-06 11:55:00,1791302100,TWLO,287.385009765625,287.3981018066406,286.760009765625,286.82000732421875,21292
2026-10-06 11:56:00,1791302160,TWLO,286.80499267578125,286.8299865722656,286.69000244140625,286.81500244140625,2881
2026-10-06 11:57:00,1791302220,TWLO,286.80499267578125,286.80499267578125,286.7200012207031,286.7699890136719,1459
2026-10-06 11:58:00,1791302280,TWLO,286.54998779296875,287.44000244140625,286.5,287.125,8183
2026-10-06 11:59:00,1791302340,TWLO,287.51080322265625,287.51080322265625,287.0899963378906,287.2200012207031,6154
2026-10-06 12:00:00,1791302400,TWLO,287.1400146484375,287.1400146484375,286.5,286.5,3627
2026-10-06 12:01:00,1791302460,TWLO,286.5,286.8399963378906,286.5,286.5050048828125,9854
2026-10-06 12:02:00,1791302520,TWLO,286.8299865722656,287.25,286.610107421875,286.8399963378906,11055
2026-10-06 12:03:00,1791302580,TWLO,286.81500244140625,286.81500244140625,286.2900085449219,286.4750061035156,7758
2026-10-06 12:04:00,1791302640,TWLO,286.3500061035156,286.4549865722656,286.010009765625,286.010009765625,8121
2026-10-06 12:05:00,1791302700,TWLO,286.0,286.0400085449219,285.9049987792969,286.0,4299
2026-10-06 12:06:00,1791302760,TWLO,285.95001220703125,285.95001220703125,285.4200134277344,285.4200134277344,5506
2026-10-06 12:07:00,1791302820,TWLO,285.4200134277344,286.2445983886719,285.4200134277344,285.973388671875,4820
2026-10-06 12:08:00,1791302880,TWLO,285.9800109863281,286.17999267578125,285.8299865722656,285.8299865722656,2282
2026-10-06 12:09:00,1791302940,TWLO,286.0299987792969,286.1600036621094,285.8399963378906,285.9200134277344,3619
2026-10-06 12:10:00,1791303000,TWLO,286.0,286.0,285.6600036621094,285.889892578125,4924
2026-10-06 12:11:00,1791303060,TWLO,285.61749267578125,286.07000732421875,285.61749267578125,285.95001220703125,4178
2026-10-06 12:12:00,1791303120,TWLO,285.8450012207031,285.8450012207031,285.8324890136719,285.8399963378906,1617
2026-10-06 12:13:00,1791303180,TWLO,285.6300048828125,285.6300048828125,285.42999267578125,285.5,1811
2026-10-06 12:14:00,1791303240,TWLO,285.4700012207031,285.4700012207031,285.44000244140625,285.44000244140625,1121
2026-10-06 12:15:00,1791303300,TWLO,285.55499267578125,285.57879638671875,285.3800048828125,285.3800048828125,3265
2026-10-06 12:16:00,1791303360,TWLO,285.3800048828125,285.5799865722656,285.3800048828125,285.5799865722656,1645
2026-10-06 12:17:00,1791303420,TWLO,285.2900085449219,285.2900085449219,284.1116027832031,284.93499755859375,14924
2026-10-06 12:18:00,1791303480,TWLO,284.93499755859375,285.0950012207031,284.69500732421875,285.0751037597656,6691
2026-10-06 12:19:00,1791303540,TWLO,285.25,285.25,285.17999267578125,285.17999267578125,1752
2026-10-06 12:20:00,1791303600,TWLO,285.0299987792969,285.17999267578125,284.8999938964844,285.1499938964844,1294
2026-10-06 12:21:00,1791303660,TWLO,284.8999938964844,285.20001220703125,284.6000061035156,284.885009765625,2666
2026-10-06 12:22:00,1791303720,TWLO,284.92999267578125,284.92999267578125,284.44000244140625,284.5,4439
2026-10-06 12:23:00,1791303780,TWLO,284.6650085449219,284.80999755859375,284.4800109863281,284.80999755859375,5681
2026-10-06 12:24:00,1791303840,TWLO,284.6199951171875,284.6449890136719,283.1499938964844,283.3550109863281,59250
2026-10-06 12:25:00,1791303900,TWLO,283.6099853515625,283.9949951171875,283.3085021972656,283.9150085449219,13113
2026-10-06 12:26:00,1791303960,TWLO,283.94500732421875,283.94500732421875,283.55999755859375,283.67999267578125,5302
2026-10-06 12:27:00,1791304020,TWLO,283.4750061035156,284.0400085449219,283.4501037597656,284.0400085449219,6295
2026-10-06 12:28:00,1791304080,TWLO,284.0400085449219,284.2300109863281,283.9849853515625,284.19000244140625,3468
2026-10-06 12:29:00,1791304140,TWLO,284.2200012207031,284.2200012207031,283.7799987792969,283.95001220703125,3563
2026-10-06 12:30:00,1791304200,TWLO,283.9599914550781,283.9599914550781,283.8299865722656,283.8299865722656,867
2026-10-06 12:31:00,1791304260,TWLO,284.0050048828125,284.6400146484375,284.0050048828125,284.260009765625,4563
2026-10-06 12:32:00,1791304320,TWLO,284.44000244140625,284.4800109863281,283.9100036621094,284.0199890136719,3791
2026-10-06 12:33:00,1791304380,TWLO,284.1000061035156,284.114990234375,283.79998779296875,284.0950012207031,3146
2026-10-06 12:34:00,1791304440,TWLO,283.82000732421875,284.3900146484375,283.69000244140625,283.69000244140625,4647
2026-10-06 12:35:00,1791304500,TWLO,283.8299865722656,283.8299865722656,283.6700134277344,283.67498779296875,1726
2026-10-06 12:36:00,1791304560,TWLO,283.3699951171875,283.67999267578125,283.3699951171875,283.6300048828125,2316
2026-10-06 12:37:00,1791304620,TWLO,283.7349853515625,283.7349853515625,283.32000732421875,283.6199951171875,5097
2026-10-06 12:38:00,1791304680,TWLO,283.32000732421875,283.7799987792969,283.32000732421875,283.42999267578125,2056
2026-10-06 12:39:00,1791304740,TWLO,283.635009765625,283.82000732421875,283.4700012207031,283.5350036621094,7458
2026-10-06 12:40:00,1791304800,TWLO,283.45001220703125,283.82000732421875,283.2699890136719,283.2799987792969,2340
2026-10-06 12:41:00,1791304860,TWLO,283.2699890136719,283.75,283.2699890136719,283.6050109863281,5603
2026-10-06 12:42:00,1791304920,TWLO,283.3800048828125,283.8999938964844,283.2699890136719,283.57000732421875,3972
2026-10-06 12:43:00,1791304980,TWLO,283.3800048828125,283.57000732421875,283.3800048828125,283.57000732421875,1470
2026-10-06 12:44:00,1791305040,TWLO,283.57000732421875,283.57000732421875,283.3399963378906,283.3399963378906,3436
2026-10-06 12:45:00,1791305100,TWLO,283.20001220703125,283.45001220703125,283.0899963378906,283.45001220703125,2512
2026-10-06 12:46:00,1791305160,TWLO,283.30999755859375,283.45001220703125,283.30999755859375,283.375,2531
2026-10-06 12:47:00,1791305220,TWLO,283.3299865722656,284.1549987792969,283.25,284.1549987792969,7364
2026-10-06 12:48:00,1791305280,TWLO,284.13751220703125,284.5199890136719,284.1099853515625,284.2300109863281,4262
2026-10-06 12:49:00,1791305340,TWLO,284.3815002441406,284.3815002441406,284.0249938964844,284.2099914550781,5286
2026-10-06 12:50:00,1791305400,TWLO,284.01611328125,284.2300109863281,283.625,283.625,4929
2026-10-06 12:51:00,1791305460,TWLO,283.635009765625,283.760009765625,283.581787109375,283.760009765625,1705
2026-10-06 12:52:00,1791305520,TWLO,284.0299987792969,285.010009765625,283.9200134277344,284.7900085449219,10162
2026-10-06 12:53:00,1791305580,TWLO,284.7799987792969,284.9200134277344,284.54998779296875,284.5849914550781,6519
2026-10-06 12:54:00,1791305640,TWLO,284.62750244140625,284.70001220703125,284.625,284.70001220703125,966
2026-10-06 12:55:00,1791305700,TWLO,284.8999938964844,285.1549987792969,284.7099914550781,284.760009765625,4113
2026-10-06 12:56:00,1791305760,TWLO,284.55999755859375,284.55999755859375,284.25,284.25,1648
2026-10-06 12:57:00,1791305820,TWLO,284.4700012207031,284.5799865722656,284.42999267578125,284.5799865722656,2434
2026-10-06 12:58:00,1791305880,TWLO,284.625,284.625,284.1199951171875,284.1199951171875,2403
2026-10-06 12:59:00,1791305940,TWLO,284.20001220703125,284.44000244140625,284.20001220703125,284.44000244140625,1004
2026-10-06 13:00:00,1791306000,TWLO,284.3299865722656,284.8599853515625,284.3299865722656,284.8299865722656,5580
2026-10-06 13:01:00,1791306060,TWLO,284.82000732421875,284.82000732421875,284.6600036621094,284.6600036621094,510
2026-10-06 13:02:00,1791306120,TWLO,284.7200012207031,284.82000732421875,284.4700012207031,284.55999755859375,2415
2026-10-06 13:03:00,1791306180,TWLO,284.5,285.2749938964844,284.5,285.2099914550781,7875
2026-10-06 13:04:00,1791306240,TWLO,285.2099914550781,285.2099914550781,285.1099853515625,285.1099853515625,6157
2026-10-06 13:05:00,1791306300,TWLO,284.9200134277344,285.04290771484375,284.69000244140625,285.04290771484375,5655
2026-10-06 13:06:00,1791306360,TWLO,284.8642883300781,284.8642883300781,284.6600036621094,284.6600036621094,7136
2026-10-06 13:07:00,1791306420,TWLO,284.6600036621094,284.68499755859375,284.5,284.68499755859375,2557
2026-10-06 13:08:00,1791306480,TWLO,284.6000061035156,284.94000244140625,284.54998779296875,284.94000244140625,3952
2026-10-06 13:09:00,1791306540,TWLO,284.9599914550781,284.9949951171875,284.8699951171875,284.8699951171875,1832
2026-10-06 13:10:00,1791306600,TWLO,284.8299865722656,284.92999267578125,284.1300048828125,284.1300048828125,13146
2026-10-06 13:11:00,1791306660,TWLO,284.3275146484375,284.3299865722656,284.1400146484375,284.32501220703125,1400
2026-10-06 13:12:00,1791306720,TWLO,284.1300048828125,284.260009765625,284.04998779296875,284.260009765625,3199
2026-10-06 13:13:00,1791306780,TWLO,284.2200012207031,284.2200012207031,284.1700134277344,284.1700134277344,1549
2026-10-06 13:14:00,1791306840,TWLO,284.2699890136719,284.3299865722656,284.1099853515625,284.1199951171875,3244
2026-10-06 13:15:00,1791306900,TWLO,284.0,284.0,283.6499938964844,283.6499938964844,3269
2026-10-06 13:16:00,1791306960,TWLO,283.67999267578125,283.8299865722656,283.5799865722656,283.7699890136719,5070
2026-10-06 13:17:00,1791307020,TWLO,283.8807067871094,283.8807067871094,283.5899963378906,283.65008544921875,2213
2026-10-06 13:18:00,1791307080,TWLO,283.65008544921875,283.8800048828125,283.6300048828125,283.8800048828125,5764
2026-10-06 13:19:00,1791307140,TWLO,283.8299865722656,284.010009765625,283.7900085449219,284.010009765625,5416
2026-10-06 13:20:00,1791307200,TWLO,284.010009765625,284.2745056152344,284.0,284.2745056152344,2726
2026-10-06 13:21:00,1791307260,TWLO,284.20001220703125,284.20001220703125,283.9549865722656,284.0899963378906,5083
2026-10-06 13:22:00,1791307320,TWLO,284.07000732421875,284.3599853515625,283.91009521484375,284.2349853515625,4012
2026-10-06 13:23:00,1791307380,TWLO,283.9800109863281,283.9800109863281,283.7900085449219,283.9205322265625,1891
2026-10-06 13:24:00,1791307440,TWLO,283.9800109863281,284.1600036621094,283.94000244140625,284.1199951171875,3585
2026-10-06 13:25:00,1791307500,TWLO,284.17999267578125,284.4800109863281,284.17999267578125,284.4725036621094,4538
2026-10-06 13:26:00,1791307560,TWLO,284.5249938964844,284.57501220703125,284.42999267578125,284.42999267578125,2101
2026-10-06 13:27:00,1791307620,TWLO,284.29998779296875,284.29998779296875,284.1000061035156,284.1000061035156,1036
2026-10-06 13:28:00,1791307680,TWLO,284.1600036621094,284.2300109863281,283.5899963378906,283.9049987792969,3618
2026-10-06 13:29:00,1791307740,TWLO,284.17999267578125,284.45001220703125,283.93499755859375,284.447509765625,4994
2026-10-06 13:30:00,1791307800,TWLO,284.67999267578125,285.0799865722656,284.6600036621094,285.0799865722656,2923
2026-10-06 13:31:00,1791307860,TWLO,285.0799865722656,285.0799865722656,284.864990234375,284.9599914550781,2420
2026-10-06 13:32:00,1791307920,TWLO,284.8800048828125,285.2361145019531,284.4750061035156,285.2361145019531,3809
2026-10-06 13:33:00,1791307980,TWLO,284.6700134277344,284.69000244140625,284.6700134277344,284.69000244140625,595
2026-10-06 13:34:00,1791308040,TWLO,284.6600036621094,284.70001220703125,284.1700134277344,284.1700134277344,1584
2026-10-06 13:35:00,1791308100,TWLO,284.19000244140625,284.19000244140625,283.5,283.7799987792969,11632
2026-10-06 13:36:00,1791308160,TWLO,284.0400085449219,284.17999267578125,283.7875061035156,284.06219482421875,7531
2026-10-06 13:37:00,1791308220,TWLO,284.0249938964844,284.4750061035156,283.9364013671875,284.2850036621094,21260
2026-10-06 13:38:00,1791308280,TWLO,284.3800048828125,284.94000244140625,284.1556091308594,284.80999755859375,41490
2026-10-06 13:39:00,1791308340,TWLO,284.70001220703125,285.17999267578125,284.70001220703125,285.04998779296875,3003
2026-10-06 13:40:00,1791308400,TWLO,284.9100036621094,285.1199951171875,284.6400146484375,284.6400146484375,1966
2026-10-06 13:41:00,1791308460,TWLO,284.8550109863281,284.8550109863281,284.4049987792969,284.5899963378906,4155
2026-10-06 13:42:00,1791308520,TWLO,284.6099853515625,284.6099853515625,284.510009765625,284.5199890136719,1217
2026-10-06 13:43:00,1791308580,TWLO,284.70001220703125,284.70001220703125,284.6700134277344,284.6700134277344,902
2026-10-06 13:44:00,1791308640,TWLO,284.45001220703125,284.45001220703125,284.0,284.0,1313
2026-10-06 13:45:00,1791308700,TWLO,283.8800048828125,283.8800048828125,283.8800048828125,283.8800048828125,627
2026-10-06 13:46:00,1791308760,TWLO,284.010009765625,284.1600036621094,283.9017028808594,283.989990234375,1917
2026-10-06 13:47:00,1791308820,TWLO,283.9800109863281,283.9800109863281,283.9800109863281,283.9800109863281,232
2026-10-06 13:48:00,1791308880,TWLO,283.8500061035156,283.95001220703125,283.80999755859375,283.80999755859375,1196
2026-10-06 13:49:00,1791308940,TWLO,283.94000244140625,283.9574890136719,283.94000244140625,283.94500732421875,2199
2026-10-06 13:50:00,1791309000,TWLO,283.79998779296875,283.80499267578125,283.6300048828125,283.6700134277344,3746
2026-10-06 13:51:00,1791309060,TWLO,283.74249267578125,283.80999755859375,283.6000061035156,283.80999755859375,1899
2026-10-06 13:52:00,1791309120,TWLO,283.80499267578125,284.1099853515625,283.80499267578125,284.1099853515625,6033
2026-10-06 13:53:00,1791309180,TWLO,283.9599914550781,283.9599914550781,283.6000061035156,283.8450012207031,4107
2026-10-06 13:54:00,1791309240,TWLO,283.8500061035156,283.8500061035156,283.8500061035156,283.8500061035156,549
2026-10-06 13:55:00,1791309300,TWLO,283.8500061035156,283.875,283.8500061035156,283.875,668
2026-10-06 13:56:00,1791309360,TWLO,283.70001220703125,283.70001220703125,283.70001220703125,283.70001220703125,702
2026-10-06 13:57:00,1791309420,TWLO,283.6650085449219,283.6650085449219,283.6650085449219,283.6650085449219,376
2026-10-06 13:58:00,1791309480,TWLO,283.739990234375,283.739990234375,283.3999938964844,283.7049865722656,2711
2026-10-06 13:59:00,1791309540,TWLO,283.70001220703125,284.1600036621094,283.70001220703125,284.1600036621094,1827
2026-10-06 14:00:00,1791309600,TWLO,284.1499938964844,284.3599853515625,284.1499938964844,284.3599853515625,4827
2026-10-06 14:01:00,1791309660,TWLO,284.42999267578125,284.4800109863281,284.3349914550781,284.3349914550781,2306
2026-10-06 14:02:00,1791309720,TWLO,284.4599914550781,284.5660095214844,284.30999755859375,284.42999267578125,2671
2026-10-06 14:03:00,1791309780,TWLO,284.30999755859375,284.30999755859375,283.7300109863281,284.0,4564
2026-10-06 14:04:00,1791309840,TWLO,283.9599914550781,284.19000244140625,283.9599914550781,284.0299987792969,2414
2026-10-06 14:05:00,1791309900,TWLO,284.0299987792969,284.32000732421875,283.7300109863281,283.7300109863281,2952
2026-10-06 14:06:00,1791309960,TWLO,283.7850036621094,284.2149963378906,283.7850036621094,284.20001220703125,3821
2026-10-06 14:07:00,1791310020,TWLO,284.2049865722656,284.70001220703125,284.04998779296875,284.70001220703125,13611
2026-10-06 14:08:00,1791310080,TWLO,284.8175048828125,285.45001220703125,284.8175048828125,285.1199951171875,8349
2026-10-06 14:09:00,1791310140,TWLO,285.1199951171875,285.1600036621094,285.0350036621094,285.1199951171875,3906
2026-10-06 14:10:00,1791310200,TWLO,285.1099853515625,285.1199951171875,284.875,285.0611877441406,3263
2026-10-06 14:11:00,1791310260,TWLO,284.8900146484375,284.93499755859375,284.8900146484375,284.92999267578125,1495
2026-10-06 14:12:00,1791310320,TWLO,284.70001220703125,284.7799987792969,284.70001220703125,284.7799987792969,1339
2026-10-06 14:13:00,1791310380,TWLO,284.55999755859375,284.7449951171875,284.55999755859375,284.7124938964844,1492
2026-10-06 14:14:00,1791310440,TWLO,284.75,285.0661926269531,284.74749755859375,284.74749755859375,3989
2026-10-06 14:15:00,1791310500,TWLO,284.7550048828125,284.8175048828125,284.3599853515625,284.54998779296875,3490
2026-10-06 14:16:00,1791310560,TWLO,284.3599853515625,284.5450134277344,284.3599853515625,284.5450134277344,569
2026-10-06 14:17:00,1791310620,TWLO,284.3599853515625,284.76251220703125,284.3599853515625,284.76251220703125,2293
2026-10-06 14:18:00,1791310680,TWLO,284.7200012207031,284.80999755859375,284.7200012207031,284.7900085449219,1904
2026-10-06 14:19:00,1791310740,TWLO,284.7200012207031,284.82000732421875,284.6199951171875,284.6199951171875,1939
2026-10-06 14:20:00,1791310800,TWLO,284.6199951171875,284.75738525390625,284.6199951171875,284.7449951171875,669
2026-10-06 14:21:00,1791310860,TWLO,284.7349853515625,284.7349853515625,284.489990234375,284.6549987792969,3649
2026-10-06 14:22:00,1791310920,TWLO,284.6600036621094,284.9100036621094,284.6549987792969,284.8900146484375,6683
2026-10-06 14:23:00,1791310980,TWLO,284.8900146484375,284.8900146484375,284.67999267578125,284.67999267578125,2537
2026-10-06 14:24:00,1791311040,TWLO,284.67999267578125,284.8699951171875,284.5899963378906,284.5899963378906,3412
2026-10-06 14:25:00,1791311100,TWLO,284.6650085449219,284.6650085449219,284.2200012207031,284.2200012207031,1664
2026-10-06 14:26:00,1791311160,TWLO,284.4649963378906,284.5697021484375,284.1499938964844,284.3550109863281,1477
2026-10-06 14:27:00,1791311220,TWLO,284.25,284.42999267578125,284.1499938964844,284.1499938964844,1647
2026-10-06 14:28:00,1791311280,TWLO,284.17999267578125,284.42999267578125,284.1000061035156,284.42999267578125,4317
2026-10-06 14:29:00,1791311340,TWLO,284.5299987792969,284.5299987792969,284.2799987792969,284.3450012207031,2408
2026-10-06 14:30:00,1791311400,TWLO,284.31500244140625,284.3500061035156,284.0899963378906,284.2300109863281,3308
2026-10-06 14:31:00,1791311460,TWLO,284.0,284.0199890136719,283.55999755859375,283.55999755859375,2399
2026-10-06 14:32:00,1791311520,TWLO,283.6199951171875,283.6199951171875,283.5,283.54998779296875,1693
2026-10-06 14:33:00,1791311580,TWLO,283.5860900878906,283.6499938964844,283.5860900878906,283.6499938964844,1069
2026-10-06 14:34:00,1791311640,TWLO,283.6400146484375,283.95001220703125,283.6400146484375,283.8424987792969,5021
2026-10-06 14:35:00,1791311700,TWLO,283.6600036621094,283.7049865722656,283.6600036621094,283.7049865722656,2049
2026-10-06 14:36:00,1791311760,TWLO,283.7300109863281,283.9100036621094,283.6199951171875,283.7200012207031,4013
2026-10-06 14:37:00,1791311820,TWLO,283.8800048828125,283.9100036621094,283.7699890136719,283.82000732421875,2979
2026-10-06 14:38:00,1791311880,TWLO,283.739990234375,283.75,282.7633056640625,282.8500061035156,10533
2026-10-06 14:39:00,1791311940,TWLO,282.8349914550781,282.8349914550781,282.02899169921875,282.4949951171875,10737
2026-10-06 14:40:00,1791312000,TWLO,282.489990234375,282.54998779296875,282.2300109863281,282.2900085449219,3301
2026-10-06 14:41:00,1791312060,TWLO,282.5050048828125,283.1400146484375,282.5050048828125,282.9100036621094,11580
2026-10-06 14:42:00,1791312120,TWLO,282.9150085449219,283.0,282.9150085449219,283.0,1534
2026-10-06 14:43:00,1791312180,TWLO,282.8399963378906,282.8550109863281,282.75,282.8399963378906,2036
2026-10-06 14:44:00,1791312240,TWLO,282.760009765625,282.760009765625,282.70001220703125,282.70001220703125,1787
2026-10-06 14:45:00,1791312300,TWLO,282.5863952636719,282.8599853515625,282.5199890136719,282.7749938964844,8413
2026-10-06 14:46:00,1791312360,TWLO,282.7699890136719,282.7699890136719,282.760009765625,282.760009765625,884
2026-10-06 14:47:00,1791312420,TWLO,282.9256896972656,283.489990234375,282.7699890136719,283.489990234375,6745
2026-10-06 14:48:00,1791312480,TWLO,283.489990234375,283.489990234375,283.489990234375,283.489990234375,1131
2026-10-06 14:49:00,1791312540,TWLO,283.6600036621094,283.6600036621094,283.2699890136719,283.4150085449219,3014
2026-10-06 14:50:00,1791312600,TWLO,283.2514953613281,283.3175048828125,282.739990234375,282.739990234375,6000
2026-10-06 14:51:00,1791312660,TWLO,282.6000061035156,283.32000732421875,282.1199951171875,283.1199951171875,15755
2026-10-06 14:53:00,1791312780,TWLO,283.0350036621094,283.17999267578125,282.8599853515625,283.1300048828125,2560
2026-10-06 14:54:00,1791312840,TWLO,283.1000061035156,283.2724914550781,283.1000061035156,283.2724914550781,1339
2026-10-06 14:55:00,1791312900,TWLO,283.135009765625,283.2550048828125,282.9200134277344,282.9200134277344,3371
2026-10-06 14:56:00,1791312960,TWLO,282.9200134277344,282.9200134277344,282.4700012207031,282.4700012207031,2673
2026-10-06 14:57:00,1791313020,TWLO,282.44000244140625,282.44000244140625,282.0199890136719,282.0450134277344,2690
2026-10-06 14:58:00,1791313080,TWLO,281.8500061035156,281.9100036621094,281.6300048828125,281.7349853515625,8483
2026-10-06 14:59:00,1791313140,TWLO,281.7349853515625,282.239990234375,281.7349853515625,282.07000732421875,8274
2026-10-06 15:00:00,1791313200,TWLO,282.17999267578125,282.17999267578125,281.6300048828125,281.885009765625,7576
2026-10-06 15:01:00,1791313260,TWLO,281.760009765625,282.05999755859375,281.6300048828125,281.8900146484375,9616
2026-10-06 15:02:00,1791313320,TWLO,281.875,281.875,281.7099914550781,281.7200012207031,1745
2026-10-06 15:03:00,1791313380,TWLO,281.79998779296875,282.0,281.79998779296875,281.9949951171875,5049
2026-10-06 15:04:00,1791313440,TWLO,281.9800109863281,281.9949951171875,281.9800109863281,281.9800109863281,1641
2026-10-06 15:05:00,1791313500,TWLO,282.0,282.3599853515625,281.9800109863281,282.010009765625,11485
2026-10-06 15:06:00,1791313560,TWLO,282.0,282.1000061035156,281.70001220703125,281.7799987792969,3589
2026-10-06 15:07:00,1791313620,TWLO,281.9549865722656,281.9549865722656,281.9549865722656,281.9549865722656,803
2026-10-06 15:08:00,1791313680,TWLO,281.92999267578125,281.92999267578125,281.8900146484375,281.8900146484375,1632
2026-10-06 15:09:00,1791313740,TWLO,281.67999267578125,282.0799865722656,281.67999267578125,282.0799865722656,7320
2026-10-06 15:10:00,1791313800,TWLO,282.0799865722656,282.0799865722656,281.80999755859375,281.94000244140625,2557
2026-10-06 15:11:00,1791313860,TWLO,282.010009765625,282.010009765625,281.67999267578125,281.67999267578125,4289
2026-10-06 15:12:00,1791313920,TWLO,281.6700134277344,281.8398132324219,281.20001220703125,281.20001220703125,13168
2026-10-06 15:13:00,1791313980,TWLO,281.010009765625,281.20001220703125,280.3949890136719,280.9700012207031,13587
2026-10-06 15:14:00,1791314040,TWLO,280.965087890625,281.09429931640625,280.57000732421875,280.6600036621094,6415
2026-10-06 15:15:00,1791314100,TWLO,280.5199890136719,280.6300048828125,280.260009765625,280.3800048828125,9042
2026-10-06 15:16:00,1791314160,TWLO,280.3599853515625,280.57000732421875,280.2200012207031,280.3999938964844,7363
2026-10-06 15:17:00,1791314220,TWLO,280.40008544921875,280.96990966796875,280.010009765625,280.96990966796875,26042
2026-10-06 15:18:00,1791314280,TWLO,280.82000732421875,281.42401123046875,280.82000732421875,281.3299865722656,5052
2026-10-06 15:19:00,1791314340,TWLO,281.2699890136719,281.70001220703125,281.1700134277344,281.3299865722656,2771
2026-10-06 15:20:00,1791314400,TWLO,281.3500061035156,281.3500061035156,280.860107421875,281.2749938964844,3025
2026-10-06 15:21:00,1791314460,TWLO,280.8599853515625,280.8924865722656,280.6099853515625,280.7099914550781,4123
2026-10-06 15:22:00,1791314520,TWLO,280.5950012207031,280.5950012207031,280.05999755859375,280.3699951171875,13331
2026-10-06 15:23:00,1791314580,TWLO,280.3699951171875,280.54998779296875,280.19000244140625,280.19000244140625,6893
2026-10-06 15:24:00,1791314640,TWLO,280.2550048828125,280.3900146484375,280.0799865722656,280.19000244140625,5066
2026-10-06 15:25:00,1791314700,TWLO,280.19000244140625,280.385009765625,279.42999267578125,279.42999267578125,19709
2026-10-06 15:26:00,1791314760,TWLO,279.42999267578125,279.5299987792969,278.85009765625,279.135009765625,27317
2026-10-06 15:27:00,1791314820,TWLO,279.2699890136719,279.4700012207031,278.9599914550781,279.30499267578125,10036
2026-10-06 15:28:00,1791314880,TWLO,279.3800048828125,279.5849914550781,279.16009521484375,279.2349853515625,10851
2026-10-06 15:29:00,1791314940,TWLO,279.54998779296875,279.5899963378906,279.1600036621094,279.3699951171875,5396
2026-10-06 15:30:00,1791315000,TWLO,279.19000244140625,279.2250061035156,278.9599914550781,278.9700012207031,5212
2026-10-06 15:31:00,1791315060,TWLO,278.9599914550781,279.01019287109375,278.5299987792969,278.68499755859375,6666
2026-10-06 15:32:00,1791315120,TWLO,278.5199890136719,278.6199951171875,278.0,278.57000732421875,30622
2026-10-06 15:33:00,1791315180,TWLO,278.5199890136719,279.3677062988281,278.4400939941406,279.125,15197
2026-10-06 15:34:00,1791315240,TWLO,278.9949951171875,279.2900085449219,278.6900939941406,279.2099914550781,8423
2026-10-06 15:35:00,1791315300,TWLO,278.92999267578125,279.5199890136719,278.92999267578125,279.4007873535156,4953
2026-10-06 15:36:00,1791315360,TWLO,279.2250061035156,280.052490234375,279.1600036621094,280.052490234375,12834
2026-10-06 15:37:00,1791315420,TWLO,280.052490234375,280.052490234375,279.67999267578125,279.7699890136719,4888
2026-10-06 15:38:00,1791315480,TWLO,279.7699890136719,280.04998779296875,279.7699890136719,279.80499267578125,7327
2026-10-06 15:39:00,1791315540,TWLO,279.80499267578125,279.95001220703125,279.3999938964844,279.7699890136719,7905
2026-10-06 15:40:00,1791315600,TWLO,279.82501220703125,280.010009765625,279.6650085449219,279.8599853515625,11384
2026-10-06 15:41:00,1791315660,TWLO,279.8599853515625,279.88751220703125,279.760009765625,279.8550109863281,5843
2026-10-06 15:42:00,1791315720,TWLO,279.8550109863281,279.9100036621094,279.5799865722656,279.8399963378906,10874
2026-10-06 15:43:00,1791315780,TWLO,279.885009765625,280.0799865722656,278.79998779296875,278.885009765625,71537
2026-10-06 15:44:00,1791315840,TWLO,278.885009765625,279.739990234375,278.760009765625,279.5950012207031,22295
2026-10-06 15:45:00,1791315900,TWLO,279.3900146484375,279.5899963378906,278.79998779296875,279.0274963378906,22353
2026-10-06 15:46:00,1791315960,TWLO,279.2825012207031,279.6199951171875,279.0299987792969,279.32501220703125,10983
2026-10-06 15:47:00,1791316020,TWLO,279.3349914550781,279.760009765625,279.1400146484375,279.739990234375,13890
2026-10-06 15:48:00,1791316080,TWLO,279.6400146484375,279.8699951171875,279.6099853515625,279.81500244140625,12731
2026-10-06 15:49:00,1791316140,TWLO,279.81500244140625,279.81500244140625,279.05499267578125,279.1099853515625,8353
2026-10-06 15:50:00,1791316200,TWLO,279.2099914550781,279.29998779296875,279.0150146484375,279.1000061035156,18364
2026-10-06 15:51:00,1791316260,TWLO,279.1700134277344,279.6099853515625,278.9200134277344,279.6099853515625,21945
2026-10-06 15:52:00,1791316320,TWLO,279.6050109863281,279.7099914550781,279.2099914550781,279.489990234375,10066
2026-10-06 15:53:00,1791316380,TWLO,279.5,279.8349914550781,279.18011474609375,279.19000244140625,16672
2026-10-06 15:54:00,1791316440,TWLO,279.17999267578125,279.6499938964844,279.0400085449219,279.32501220703125,18518
2026-10-06 15:55:00,1791316500,TWLO,279.2200012207031,279.510009765625,278.8999938964844,279.3299865722656,28007
2026-10-06 15:56:00,1791316560,TWLO,279.3699951171875,279.3900146484375,279.0400085449219,279.260009765625,37883
2026-10-06 15:57:00,1791316620,TWLO,279.2749938964844,279.5,279.1000061035156,279.25,42093
2026-10-06 15:58:00,1791316680,TWLO,279.239990234375,279.3900146484375,278.70001220703125,278.9200134277344,108276
2026-10-06 15:59:00,1791316740,TWLO,278.8900146484375,280.3999938964844,278.45001220703125,280.2300109863281,145111
2026-10-06 16:00:00,1791316800,TWLO,280.4100036621094,280.4100036621094,280.4100036621094,280.4100036621094,0
2026-10-07 09:30:00,1791379800,TWLO,278.3599853515625,278.57000732421875,277.55999755859375,277.6000061035156,37726
2026-10-07 09:31:00,1791379860,TWLO,277.510009765625,277.93499755859375,276.79998779296875,276.82000732421875,7927
2026-10-07 09:32:00,1791379920,TWLO,276.79998779296875,279.0400085449219,276.6400146484375,279.0400085449219,37503
2026-10-07 09:33:00,1791379980,TWLO,278.68499755859375,278.8699951171875,278.1400146484375,278.1401062011719,12001
2026-10-07 09:34:00,1791380040,TWLO,278.1499938964844,278.45001220703125,277.06500244140625,278.1600036621094,12478
2026-10-07 09:35:00,1791380100,TWLO,277.8599853515625,278.0400085449219,276.4150085449219,276.79998779296875,6475
2026-10-07 09:36:00,1791380160,TWLO,276.79998779296875,277.57000732421875,276.37274169921875,276.69000244140625,17977
2026-10-07 09:37:00,1791380220,TWLO,276.5,276.9200134277344,275.364990234375,275.364990234375,8674
2026-10-07 09:38:00,1791380280,TWLO,274.25,275.5574951171875,274.2215881347656,274.25,10723
2026-10-07 09:39:00,1791380340,TWLO,274.0,274.17999267578125,273.5,273.7799987792969,17481
2026-10-07 09:40:00,1791380400,TWLO,274.0400085449219,275.5299987792969,273.7049865722656,275.19500732421875,22921
2026-10-07 09:41:00,1791380460,TWLO,275.67498779296875,276.8110046386719,275.67498779296875,276.4825134277344,1997
2026-10-07 09:42:00,1791380520,TWLO,276.05999755859375,276.82000732421875,275.5450134277344,276.05999755859375,14289
2026-10-07 09:43:00,1791380580,TWLO,275.80999755859375,275.8800048828125,274.8900146484375,275.05999755859375,10185
2026-10-07 09:44:00,1791380640,TWLO,275.239990234375,277.3900146484375,275.239990234375,277.3900146484375,12872
2026-10-07 09:45:00,1791380700,TWLO,277.510009765625,277.94000244140625,276.93499755859375,277.1000061035156,12233
2026-10-07 09:46:00,1791380760,TWLO,276.9599914550781,278.2200012207031,276.4020080566406,277.9049987792969,8658
2026-10-07 09:47:00,1791380820,TWLO,277.9049987792969,277.9049987792969,277.19500732421875,277.5704040527344,7453
2026-10-07 09:48:00,1791380880,TWLO,277.2900085449219,277.5,276.6600036621094,276.6600036621094,3489
2026-10-07 09:49:00,1791380940,TWLO,276.4700012207031,278.0,276.42999267578125,277.3900146484375,6591
2026-10-07 09:50:00,1791381000,TWLO,277.9800109863281,278.6700134277344,276.80999755859375,278.464599609375,5818
2026-10-07 09:51:00,1791381060,TWLO,278.5,278.5,277.04998779296875,277.07000732421875,4311
2026-10-07 09:52:00,1791381120,TWLO,277.2099914550781,278.1243896484375,277.07000732421875,277.6499938964844,7252
2026-10-07 09:53:00,1791381180,TWLO,277.4949951171875,278.4599914550781,277.3399963378906,277.6000061035156,4386
2026-10-07 09:54:00,1791381240,TWLO,278.1700134277344,278.760009765625,277.8699951171875,278.0199890136719,3880
2026-10-07 09:55:00,1791381300,TWLO,278.20001220703125,278.3900146484375,277.5,277.5,7671
2026-10-07 09:56:00,1791381360,TWLO,277.5799865722656,277.5799865722656,276.5,276.8399963378906,9562
2026-10-07 09:57:00,1791381420,TWLO,277.17999267578125,277.17999267578125,276.1549987792969,276.375,21179
2026-10-07 09:58:00,1791381480,TWLO,276.3699951171875,277.0299987792969,276.3699951171875,276.8299865722656,6431
2026-10-07 09:59:00,1791381540,TWLO,276.9700012207031,277.3500061035156,276.92999267578125,276.92999267578125,7589
2026-10-07 10:00:00,1791381600,TWLO,276.8999938964844,277.010009765625,276.30999755859375,276.30999755859375,10459
2026-10-07 10:01:00,1791381660,TWLO,276.1700134277344,276.82000732421875,275.864990234375,276.79998779296875,9034
2026-10-07 10:02:00,1791381720,TWLO,276.79998779296875,277.20001220703125,276.7550048828125,276.7550048828125,5624
2026-10-07 10:03:00,1791381780,TWLO,276.6000061035156,276.80999755859375,276.45001220703125,276.45001220703125,5471
2026-10-07 10:04:00,1791381840,TWLO,276.54998779296875,276.95001220703125,275.1499938964844,275.5899963378906,7710
2026-10-07 10:05:00,1791381900,TWLO,275.5950012207031,275.5950012207031,275.45001220703125,275.5249938964844,2299
2026-10-07 10:06:00,1791381960,TWLO,275.56500244140625,275.56500244140625,275.2749938964844,275.29998779296875,10606
2026-10-07 10:07:00,1791382020,TWLO,275.2699890136719,275.7200012207031,275.2699890136719,275.4700012207031,4805
2026-10-07 10:08:00,1791382080,TWLO,275.4649963378906,275.6099853515625,275.27191162109375,275.42999267578125,3524
2026-10-07 10:09:00,1791382140,TWLO,275.20001220703125,275.32000732421875,274.9005126953125,275.125,9221
2026-10-07 10:10:00,1791382200,TWLO,275.1400146484375,275.4599914550781,273.70001220703125,273.80999755859375,11207
2026-10-07 10:11:00,1791382260,TWLO,273.8500061035156,273.989990234375,273.6700134277344,273.75,13528
2026-10-07 10:12:00,1791382320,TWLO,273.7250061035156,273.7250061035156,273.2297058105469,273.2297058105469,4770
2026-10-07 10:13:00,1791382380,TWLO,273.3949890136719,273.6199951171875,273.2799987792969,273.43499755859375,8564
2026-10-07 10:14:00,1791382440,TWLO,273.43499755859375,273.6099853515625,273.29998779296875,273.3949890136719,4260
2026-10-07 10:15:00,1791382500,TWLO,273.7349853515625,273.9700012207031,273.57000732421875,273.5849914550781,5451
2026-10-07 10:16:00,1791382560,TWLO,273.5849914550781,273.7699890136719,273.3299865722656,273.3299865722656,15144
2026-10-07 10:17:00,1791382620,TWLO,273.45001220703125,274.0,273.45001220703125,273.82000732421875,16914
2026-10-07 10:18:00,1791382680,TWLO,273.82000732421875,274.0400085449219,273.3500061035156,273.5950012207031,8200
2026-10-07 10:19:00,1791382740,TWLO,273.5950012207031,274.489990234375,273.5950012207031,274.44500732421875,8367
2026-10-07 10:20:00,1791382800,TWLO,274.3699951171875,275.29998779296875,274.0400085449219,274.9849853515625,9971
2026-10-07 10:21:00,1791382860,TWLO,274.9800109863281,275.364990234375,274.8599853515625,275.2799987792969,2839
2026-10-07 10:22:00,1791382920,TWLO,275.1600036621094,275.3699951171875,274.9599914550781,275.2300109863281,13159
2026-10-07 10:23:00,1791382980,TWLO,275.5199890136719,275.5199890136719,275.20001220703125,275.2149963378906,1801
2026-10-07 10:24:00,1791383040,TWLO,275.2099914550781,275.25799560546875,274.5899963378906,275.25799560546875,5588
2026-10-07 10:25:00,1791383100,TWLO,274.6099853515625,274.7950134277344,274.2200012207031,274.614990234375,6330
2026-10-07 10:26:00,1791383160,TWLO,274.63250732421875,274.635009765625,274.30999755859375,274.30999755859375,714
2026-10-07 10:27:00,1791383220,TWLO,274.30999755859375,274.3424987792969,273.739990234375,273.739990234375,5000
2026-10-07 10:28:00,1791383280,TWLO,273.739990234375,273.739990234375,273.44000244140625,273.6300048828125,7195
2026-10-07 10:29:00,1791383340,TWLO,273.6300048828125,273.94000244140625,273.3999938964844,273.94000244140625,5100
2026-10-07 10:30:00,1791383400,TWLO,273.9049987792969,274.19000244140625,273.8500061035156,274.19000244140625,3788
2026-10-07 10:31:00,1791383460,TWLO,274.0975036621094,274.1050109863281,273.9599914550781,274.0975036621094,1665
2026-10-07 10:32:00,1791383520,TWLO,274.0199890136719,274.20001220703125,273.8599853515625,273.95001220703125,13561
2026-10-07 10:33:00,1791383580,TWLO,274.0050048828125,274.239990234375,273.9200134277344,274.1199951171875,7385
2026-10-07 10:34:00,1791383640,TWLO,274.1000061035156,274.42999267578125,274.0950012207031,274.20001220703125,4300
2026-10-07 10:35:00,1791383700,TWLO,274.3699951171875,274.375,274.0,274.0,3834
2026-10-07 10:36:00,1791383760,TWLO,273.9100036621094,273.94000244140625,273.7200012207031,273.92999267578125,4497
2026-10-07 10:37:00,1791383820,TWLO,273.93499755859375,274.1625061035156,273.93499755859375,274.0950012207031,2609
2026-10-07 10:38:00,1791383880,TWLO,274.0950012207031,274.32000732421875,273.7950134277344,273.9100036621094,6406
2026-10-07 10:39:00,1791383940,TWLO,273.92498779296875,274.4200134277344,273.9150085449219,274.29998779296875,7207
2026-10-07 10:40:00,1791384000,TWLO,274.55999755859375,274.67999267578125,274.5,274.5824890136719,3444
2026-10-07 10:41:00,1791384060,TWLO,274.55999755859375,274.6199951171875,274.2950134277344,274.57000732421875,2042
2026-10-07 10:42:00,1791384120,TWLO,274.55999755859375,275.0150146484375,274.32000732421875,275.0150146484375,6451
2026-10-07 10:43:00,1791384180,TWLO,275.0199890136719,275.2900085449219,274.9700012207031,275.2699890136719,8514
2026-10-07 10:44:00,1791384240,TWLO,275.4200134277344,275.6499938964844,275.2699890136719,275.3800048828125,5983
2026-10-07 10:46:00,1791384360,TWLO,275.2099914550781,275.4100036621094,275.2099914550781,275.2200012207031,1865
2026-10-07 10:47:00,1791384420,TWLO,275.1600036621094,275.2349853515625,274.9800109863281,275.0199890136719,3443
2026-10-07 10:48:00,1791384480,TWLO,274.9100036621094,275.07000732421875,274.9049987792969,274.9100036621094,1371
2026-10-07 10:49:00,1791384540,TWLO,274.8900146484375,275.4200134277344,274.8900146484375,275.4200134277344,6435
2026-10-07 10:50:00,1791384600,TWLO,275.3301086425781,275.54998779296875,275.3299865722656,275.3550109863281,2158
2026-10-07 10:51:00,1791384660,TWLO,275.3500061035156,275.3550109863281,275.1099853515625,275.1099853515625,1599
2026-10-07 10:52:00,1791384720,TWLO,275.3550109863281,275.7760925292969,274.8699951171875,275.1549987792969,13710
2026-10-07 10:53:00,1791384780,TWLO,275.2900085449219,275.32000732421875,275.05999755859375,275.239990234375,2500
2026-10-07 10:54:00,1791384840,TWLO,275.5400085449219,275.5899963378906,275.2650146484375,275.4599914550781,4518
2026-10-07 10:55:00,1791384900,TWLO,275.1700134277344,275.32000732421875,275.1700134277344,275.1700134277344,1238
2026-10-07 10:56:00,1791384960,TWLO,275.0350036621094,275.1199951171875,274.7900085449219,274.7900085449219,17784
2026-10-07 10:57:00,1791385020,TWLO,274.7099914550781,274.7250061035156,274.2699890136719,274.2699890136719,2775
2026-10-07 10:58:00,1791385080,TWLO,274.510009765625,274.75,274.0799865722656,274.30999755859375,13691
2026-10-07 10:59:00,1791385140,TWLO,274.43499755859375,274.5400085449219,274.43499755859375,274.45001220703125,1638
2026-10-07 11:00:00,1791385200,TWLO,274.32000732421875,274.44000244140625,274.2250061035156,274.2250061035156,6176
2026-10-07 11:01:00,1791385260,TWLO,274.44000244140625,274.489990234375,274.3900146484375,274.3900146484375,2470
2026-10-07 11:02:00,1791385320,TWLO,274.239990234375,274.75,274.239990234375,274.55999755859375,4064
2026-10-07 11:03:00,1791385380,TWLO,274.5574951171875,274.57501220703125,274.1600036621094,274.19000244140625,6711
2026-10-07 11:04:00,1791385440,TWLO,274.1600036621094,274.29998779296875,273.9549865722656,274.17999267578125,9013
2026-10-07 11:05:00,1791385500,TWLO,274.19000244140625,274.29998779296875,273.9949951171875,274.1600036621094,10054
2026-10-07 11:06:00,1791385560,TWLO,274.239990234375,274.25,273.95001220703125,273.95001220703125,5397
2026-10-07 11:07:00,1791385620,TWLO,273.8900146484375,274.510009765625,273.8500061035156,274.4549865722656,10992
2026-10-07 11:08:00,1791385680,TWLO,274.510009765625,274.5799865722656,274.510009765625,274.5799865722656,1085
2026-10-07 11:09:00,1791385740,TWLO,274.6669006347656,274.7900085449219,274.3999938964844,274.489990234375,16848
2026-10-07 11:10:00,1791385800,TWLO,274.510009765625,274.5199890136719,274.2200012207031,274.489990234375,8299
2026-10-07 11:11:00,1791385860,TWLO,274.42999267578125,274.4750061035156,274.1449890136719,274.1449890136719,3630
2026-10-07 11:12:00,1791385920,TWLO,274.3500061035156,274.3550109863281,274.07000732421875,274.3500061035156,1752
2026-10-07 11:13:00,1791385980,TWLO,274.489990234375,274.6300048828125,274.260009765625,274.4049987792969,7015
2026-10-07 11:14:00,1791386040,TWLO,274.42999267578125,274.42999267578125,274.4049987792969,274.4200134277344,2310
2026-10-07 11:15:00,1791386100,TWLO,274.875,274.875,274.875,274.875,7006
2026-10-07 11:16:00,1791386160,TWLO,274.69000244140625,275.0177917480469,274.5199890136719,274.9100036621094,5454
2026-10-07 11:17:00,1791386220,TWLO,274.9100036621094,274.9100036621094,274.57000732421875,274.6600036621094,4408
2026-10-07 11:18:00,1791386280,TWLO,274.489990234375,275.05999755859375,274.17999267578125,275.05999755859375,10672
2026-10-07 11:19:00,1791386340,TWLO,275.05999755859375,275.05999755859375,274.79998779296875,274.93499755859375,5949
2026-10-07 11:20:00,1791386400,TWLO,274.94500732421875,276.4599914550781,274.94500732421875,276.4049987792969,20398
2026-10-07 11:21:00,1791386460,TWLO,276.239990234375,276.32989501953125,275.8399963378906,275.95001220703125,5308
2026-10-07 11:22:00,1791386520,TWLO,275.82501220703125,275.82501220703125,275.45001220703125,275.489990234375,4814
2026-10-07 11:23:00,1791386580,TWLO,275.5199890136719,275.5400085449219,275.489990234375,275.5350036621094,2031
2026-10-07 11:24:00,1791386640,TWLO,275.29998779296875,275.45001220703125,275.2149963378906,275.3550109863281,11046
2026-10-07 11:25:00,1791386700,TWLO,275.3550109863281,275.6300048828125,275.3550109863281,275.57501220703125,5704
2026-10-07 11:26:00,1791386760,TWLO,275.57501220703125,275.75,275.57000732421875,275.75,5996
2026-10-07 11:27:00,1791386820,TWLO,275.79998779296875,275.9898986816406,275.79998779296875,275.9031066894531,635
2026-10-07 11:28:00,1791386880,TWLO,275.80999755859375,275.80999755859375,275.4200134277344,275.57000732421875,4011
2026-10-07 11:29:00,1791386940,TWLO,275.42498779296875,275.635009765625,275.2200012207031,275.4100036621094,10493
2026-10-07 11:30:00,1791387000,TWLO,275.2200012207031,275.4200134277344,275.07501220703125,275.23748779296875,6590
2026-10-07 11:31:00,1791387060,TWLO,275.1400146484375,275.70001220703125,275.12249755859375,275.5299987792969,6039
2026-10-07 11:32:00,1791387120,TWLO,275.6000061035156,275.6000061035156,275.29998779296875,275.29998779296875,3420
2026-10-07 11:33:00,1791387180,TWLO,275.3299865722656,275.3299865722656,275.1449890136719,275.2799987792969,5429
2026-10-07 11:34:00,1791387240,TWLO,275.0199890136719,275.135009765625,274.9800109863281,275.135009765625,3929
2026-10-07 11:35:00,1791387300,TWLO,275.2099914550781,275.2699890136719,274.8500061035156,274.8500061035156,7086
2026-10-07 11:36:00,1791387360,TWLO,274.9700012207031,275.010009765625,274.7149963378906,274.9200134277344,8905
2026-10-07 11:37:00,1791387420,TWLO,274.9200134277344,274.9200134277344,274.869384765625,274.9200134277344,1955
2026-10-07 11:38:00,1791387480,TWLO,274.7250061035156,274.92498779296875,274.7250061035156,274.8399963378906,2745
2026-10-07 11:39:00,1791387540,TWLO,274.8399963378906,274.9800109863281,274.70001220703125,274.94500732421875,5495
2026-10-07 11:40:00,1791387600,TWLO,275.07000732421875,275.20001220703125,275.0299987792969,275.1400146484375,3581
2026-10-07 11:41:00,1791387660,TWLO,275.19000244140625,275.19000244140625,274.67999267578125,274.7149963378906,9203
2026-10-07 11:42:00,1791387720,TWLO,274.67999267578125,274.69500732421875,274.4049987792969,274.5,7760
2026-10-07 11:43:00,1791387780,TWLO,274.3900146484375,274.54998779296875,274.3900146484375,274.44000244140625,3229
2026-10-07 11:44:00,1791387840,TWLO,274.75,274.8949890136719,274.4100036621094,274.75,12423
2026-10-07 11:45:00,1791387900,TWLO,274.75,274.8599853515625,274.57000732421875,274.5849914550781,5685
2026-10-07 11:46:00,1791387960,TWLO,274.67999267578125,274.7900085449219,274.5848083496094,274.70001220703125,3558
2026-10-07 11:47:00,1791388020,TWLO,274.7735900878906,274.9599914550781,274.6000061035156,274.9599914550781,22732
2026-10-07 11:48:00,1791388080,TWLO,274.9599914550781,275.2200012207031,274.8983154296875,275.2200012207031,5576
2026-10-07 11:49:00,1791388140,TWLO,275.19500732421875,275.3900146484375,275.1199951171875,275.3599853515625,4600
2026-10-07 11:50:00,1791388200,TWLO,275.2900085449219,275.42999267578125,275.19000244140625,275.3299865722656,2584
2026-10-07 11:51:00,1791388260,TWLO,275.4700012207031,275.82000732421875,275.3349914550781,275.7550048828125,6560
2026-10-07 11:52:00,1791388320,TWLO,275.67999267578125,275.67999267578125,275.4800109863281,275.5,3847
2026-10-07 11:53:00,1791388380,TWLO,275.43499755859375,275.4800109863281,275.2900085449219,275.44000244140625,6317
2026-10-07 11:54:00,1791388440,TWLO,275.1099853515625,275.17999267578125,275.0050048828125,275.1097106933594,2322
2026-10-07 11:55:00,1791388500,TWLO,275.0400085449219,275.1700134277344,274.92999267578125,275.010009765625,3493
2026-10-07 11:56:00,1791388560,TWLO,274.92999267578125,274.92999267578125,274.42999267578125,274.6400146484375,6416
2026-10-07 11:57:00,1791388620,TWLO,274.739990234375,274.739990234375,274.43499755859375,274.6099853515625,4500
2026-10-07 11:58:00,1791388680,TWLO,274.6600036621094,274.6600036621094,274.5,274.5799865722656,5193
2026-10-07 11:59:00,1791388740,TWLO,274.5799865722656,274.7200012207031,274.55999755859375,274.55999755859375,2829
2026-10-07 12:00:00,1791388800,TWLO,274.54144287109375,274.7099914550781,274.42999267578125,274.7099914550781,8587
2026-10-07 12:01:00,1791388860,TWLO,274.5899963378906,274.7799987792969,274.489990234375,274.489990234375,7802
2026-10-07 12:02:00,1791388920,TWLO,274.4800109863281,274.7699890136719,274.42498779296875,274.7699890136719,5480
2026-10-07 12:03:00,1791388980,TWLO,274.8299865722656,274.9200134277344,274.6650085449219,274.8299865722656,2966
2026-10-07 12:04:00,1791389040,TWLO,274.6700134277344,274.6700134277344,274.6400146484375,274.6700134277344,1282
2026-10-07 12:05:00,1791389100,TWLO,274.760009765625,275.25,274.68499755859375,275.114990234375,8791
2026-10-07 12:06:00,1791389160,TWLO,275.05999755859375,275.3550109863281,275.05999755859375,275.2300109863281,4177
2026-10-07 12:07:00,1791389220,TWLO,275.2250061035156,275.239990234375,275.2250061035156,275.2349853515625,3099
2026-10-07 12:08:00,1791389280,TWLO,275.2300109863281,275.3699951171875,275.1400146484375,275.3450012207031,4330
2026-10-07 12:09:00,1791389340,TWLO,275.3450012207031,275.3450012207031,275.1200866699219,275.1200866699219,4266
2026-10-07 12:10:00,1791389400,TWLO,275.2749938964844,275.2749938964844,275.0274963378906,275.0274963378906,2884
2026-10-07 12:11:00,1791389460,TWLO,274.9601135253906,275.0,274.6639099121094,274.7699890136719,5534
2026-10-07 12:12:00,1791389520,TWLO,274.80999755859375,274.9200134277344,274.5150146484375,274.75,7019
2026-10-07 12:13:00,1791389580,TWLO,274.75,274.92999267578125,274.75,274.885009765625,3055
2026-10-07 12:14:00,1791389640,TWLO,274.80499267578125,274.80499267578125,274.4800109863281,274.5425109863281,4740
2026-10-07 12:15:00,1791389700,TWLO,274.42498779296875,274.5950012207031,274.4200134277344,274.42498779296875,7184
2026-10-07 12:16:00,1791389760,TWLO,274.44000244140625,274.44000244140625,274.2149963378906,274.3450012207031,7552
2026-10-07 12:17:00,1791389820,TWLO,274.2250061035156,274.4800109863281,274.17498779296875,274.2699890136719,5311
2026-10-07 12:18:00,1791389880,TWLO,274.1199951171875,274.260009765625,273.7850036621094,273.7850036621094,6248
2026-10-07 12:19:00,1791389940,TWLO,273.82000732421875,273.9599914550781,273.79998779296875,273.8399963378906,6932
2026-10-07 12:20:00,1791390000,TWLO,273.8299865722656,273.8699951171875,273.6099853515625,273.8699951171875,5482
2026-10-07 12:21:00,1791390060,TWLO,273.79998779296875,274.3800048828125,273.6700134277344,274.3800048828125,6141
2026-10-07 12:22:00,1791390120,TWLO,274.3999938964844,274.4700012207031,274.3900146484375,274.3999938964844,3216
2026-10-07 12:23:00,1791390180,TWLO,274.29998779296875,274.32000732421875,274.1000061035156,274.2149963378906,5872
2026-10-07 12:24:00,1791390240,TWLO,274.2900085449219,274.5,274.2900085449219,274.32000732421875,3077
2026-10-07 12:25:00,1791390300,TWLO,274.2300109863281,274.2300109863281,273.760009765625,273.760009765625,1543
2026-10-07 12:26:00,1791390360,TWLO,273.9549865722656,273.9649963378906,273.75,273.95001220703125,2304
2026-10-07 12:27:00,1791390420,TWLO,273.95001220703125,273.95001220703125,273.6700134277344,273.7200012207031,3064
2026-10-07 12:28:00,1791390480,TWLO,273.7099914550781,274.1199951171875,273.6000061035156,273.79998779296875,8458
2026-10-07 12:29:00,1791390540,TWLO,273.69500732421875,273.8500061035156,273.6700134277344,273.8500061035156,875
2026-10-07 12:30:00,1791390600,TWLO,273.68499755859375,274.2799987792969,273.6600036621094,274.2200012207031,10277
2026-10-07 12:31:00,1791390660,TWLO,274.3800048828125,274.385009765625,274.3800048828125,274.385009765625,1356
2026-10-07 12:32:00,1791390720,TWLO,274.2449951171875,274.2449951171875,274.1000061035156,274.19500732421875,3205
2026-10-07 12:33:00,1791390780,TWLO,274.18499755859375,274.18499755859375,273.9800109863281,273.9800109863281,3803
2026-10-07 12:34:00,1791390840,TWLO,274.17999267578125,274.489990234375,273.9800109863281,274.3550109863281,7361
2026-10-07 12:35:00,1791390900,TWLO,274.5,274.7699890136719,274.4949951171875,274.6199951171875,3584
2026-10-07 12:36:00,1791390960,TWLO,274.7724914550781,274.7724914550781,274.4100036621094,274.4100036621094,2813
2026-10-07 12:37:00,1791391020,TWLO,274.3599853515625,274.6600036621094,274.3599853515625,274.56500244140625,6547
2026-10-07 12:38:00,1791391080,TWLO,274.6300048828125,274.79998779296875,274.3699951171875,274.3699951171875,2628
2026-10-07 12:39:00,1791391140,TWLO,274.4599914550781,274.80999755859375,274.3299865722656,274.635009765625,3197
2026-10-07 12:40:00,1791391200,TWLO,274.739990234375,274.95001220703125,274.635009765625,274.8800048828125,5219
2026-10-07 12:41:00,1791391260,TWLO,274.79998779296875,274.79998779296875,274.4599914550781,274.5274963378906,3487
2026-10-07 12:42:00,1791391320,TWLO,274.4700012207031,274.8699951171875,274.4700012207031,274.54998779296875,5924
2026-10-07 12:43:00,1791391380,TWLO,274.6600036621094,274.6600036621094,274.3500061035156,274.4700012207031,4823
2026-10-07 12:44:00,1791391440,TWLO,274.43499755859375,274.510009765625,274.2799987792969,274.2850036621094,3811
2026-10-07 12:45:00,1791391500,TWLO,274.2799987792969,274.29998779296875,273.79998779296875,273.79998779296875,6418
2026-10-07 12:46:00,1791391560,TWLO,273.8699951171875,274.0799865722656,273.7699890136719,273.7699890136719,7369
2026-10-07 12:47:00,1791391620,TWLO,273.7749938964844,274.1000061035156,273.7749938964844,274.1000061035156,6351
2026-10-07 12:48:00,1791391680,TWLO,274.010009765625,274.3299865722656,274.0,274.3299865722656,4618
2026-10-07 12:49:00,1791391740,TWLO,274.32000732421875,275.2099914550781,274.32000732421875,275.2099914550781,10311
2026-10-07 12:50:00,1791391800,TWLO,275.25,275.5295104980469,275.25,275.44000244140625,1146
2026-10-07 12:51:00,1791391860,TWLO,275.2799987792969,275.3800048828125,275.0799865722656,275.1000061035156,3786
2026-10-07 12:52:00,1791391920,TWLO,275.11749267578125,275.25,274.9085998535156,275.25,7719
2026-10-07 12:53:00,1791391980,TWLO,275.1000061035156,275.44000244140625,275.1000061035156,275.1549987792969,6382
2026-10-07 12:54:00,1791392040,TWLO,275.2900085449219,275.4200134277344,275.1400146484375,275.1400146484375,7464
2026-10-07 12:55:00,1791392100,TWLO,275.2300109863281,275.2900085449219,275.135009765625,275.1400146484375,4143
2026-10-07 12:56:00,1791392160,TWLO,275.2900085449219,275.4800109863281,275.2900085449219,275.2900085449219,5067
2026-10-07 12:57:00,1791392220,TWLO,275.19500732421875,275.19500732421875,275.0,275.0899963378906,1518
2026-10-07 12:58:00,1791392280,TWLO,275.19500732421875,275.2699890136719,275.010009765625,275.1199951171875,6000
2026-10-07 12:59:00,1791392340,TWLO,275.11749267578125,275.2300109863281,275.11749267578125,275.2149963378906,4338
2026-10-07 13:00:00,1791392400,TWLO,275.1650085449219,275.6600036621094,275.1600036621094,275.6050109863281,10117
2026-10-07 13:01:00,1791392460,TWLO,275.55999755859375,275.55999755859375,275.44000244140625,275.5350036621094,2746
2026-10-07 13:02:00,1791392520,TWLO,275.5299987792969,275.94000244140625,275.5224914550781,275.82501220703125,7768
2026-10-07 13:03:00,1791392580,TWLO,275.9949951171875,276.0,275.7900085449219,275.80499267578125,5382
2026-10-07 13:04:00,1791392640,TWLO,275.75,276.17999267578125,275.75,275.989990234375,13200
2026-10-07 13:05:00,1791392700,TWLO,276.0199890136719,276.239990234375,275.6000061035156,275.6000061035156,4205
2026-10-07 13:06:00,1791392760,TWLO,275.6000061035156,275.7799987792969,275.5400085449219,275.67999267578125,4971
2026-10-07 13:07:00,1791392820,TWLO,275.6099853515625,275.6700134277344,275.5899963378906,275.6700134277344,1662
2026-10-07 13:08:00,1791392880,TWLO,275.6600036621094,275.8800048828125,275.635009765625,275.8349914550781,8309
2026-10-07 13:10:00,1791393000,TWLO,275.6700134277344,275.9700012207031,275.6700134277344,275.9175109863281,5418
2026-10-07 13:11:00,1791393060,TWLO,275.9150085449219,275.9200134277344,275.489990234375,275.489990234375,4003
2026-10-07 13:12:00,1791393120,TWLO,275.5450134277344,275.7449951171875,275.5450134277344,275.7449951171875,4730
2026-10-07 13:13:00,1791393180,TWLO,275.75,275.75,275.55499267578125,275.6600036621094,4853
2026-10-07 13:14:00,1791393240,TWLO,275.6600036621094,275.9599914550781,275.6300048828125,275.6300048828125,4997
2026-10-07 13:15:00,1791393300,TWLO,275.54998779296875,275.54998779296875,275.3900146484375,275.489990234375,4145
2026-10-07 13:16:00,1791393360,TWLO,275.42498779296875,275.510009765625,275.4200134277344,275.4200134277344,2285
2026-10-07 13:17:00,1791393420,TWLO,275.3299865722656,275.6099853515625,275.3299865722656,275.4849853515625,8257
2026-10-07 13:18:00,1791393480,TWLO,275.4849853515625,275.6600036621094,275.2699890136719,275.2699890136719,7120
2026-10-07 13:19:00,1791393540,TWLO,275.30999755859375,275.30999755859375,274.7349853515625,275.125,9096
2026-10-07 13:20:00,1791393600,TWLO,275.0799865722656,275.30999755859375,275.0799865722656,275.2850036621094,2688
2026-10-07 13:21:00,1791393660,TWLO,275.4574890136719,275.4574890136719,275.1700134277344,275.4574890136719,4366
2026-10-07 13:22:00,1791393720,TWLO,275.4800109863281,275.489990234375,275.010009765625,275.114990234375,6064
2026-10-07 13:23:00,1791393780,TWLO,275.1600036621094,275.1600036621094,275.125,275.1400146484375,1174
2026-10-07 13:24:00,1791393840,TWLO,275.1099853515625,275.2200012207031,274.9949951171875,275.2149963378906,6855
2026-10-07 13:25:00,1791393900,TWLO,275.19000244140625,275.19000244140625,275.125,275.19000244140625,1324
2026-10-07 13:26:00,1791393960,TWLO,275.0899963378906,275.2900085449219,275.0899963378906,275.1600036621094,2958
2026-10-07 13:27:00,1791394020,TWLO,275.1000061035156,275.2900085449219,274.9849853515625,275.260009765625,4101
2026-10-07 13:28:00,1791394080,TWLO,275.2099914550781,275.45001220703125,275.2099914550781,275.2099914550781,1298
2026-10-07 13:29:00,1791394140,TWLO,275.125,275.260009765625,275.1050109863281,275.1499938964844,2874
2026-10-07 13:30:00,1791394200,TWLO,275.0199890136719,275.0799865722656,274.94000244140625,275.07000732421875,3741
2026-10-07 13:31:00,1791394260,TWLO,274.94000244140625,275.1700134277344,274.94000244140625,275.114990234375,5413
2026-10-07 13:32:00,1791394320,TWLO,275.010009765625,275.0799865722656,274.79998779296875,275.0050048828125,5606
2026-10-07 13:33:00,1791394380,TWLO,275.0249938964844,275.3299865722656,275.010009765625,275.1549987792969,5521
2026-10-07 13:34:00,1791394440,TWLO,275.125,275.3299865722656,275.0899963378906,275.0899963378906,5147
2026-10-07 13:35:00,1791394500,TWLO,275.1099853515625,275.30999755859375,275.1099853515625,275.30999755859375,4147
2026-10-07 13:36:00,1791394560,TWLO,275.32000732421875,275.32000732421875,275.2699890136719,275.30499267578125,1899
2026-10-07 13:37:00,1791394620,TWLO,275.19000244140625,275.4200134277344,275.03009033203125,275.0899963378906,5829
2026-10-07 13:38:00,1791394680,TWLO,275.0150146484375,275.0150146484375,274.57501220703125,274.6300048828125,6594
2026-10-07 13:39:00,1791394740,TWLO,274.7200012207031,274.8299865722656,274.4700012207031,274.6400146484375,6874
2026-10-07 13:40:00,1791394800,TWLO,274.489990234375,274.5,274.3949890136719,274.42999267578125,2739
2026-10-07 13:41:00,1791394860,TWLO,274.4150085449219,274.5400085449219,274.3999938964844,274.4800109863281,5972
2026-10-07 13:42:00,1791394920,TWLO,274.4599914550781,274.5,274.3599853515625,274.5,4555
2026-10-07 13:43:00,1791394980,TWLO,274.55999755859375,274.55999755859375,274.2900085449219,274.3800048828125,7211
2026-10-07 13:44:00,1791395040,TWLO,274.42999267578125,274.57000732421875,274.30999755859375,274.4599914550781,4433
2026-10-07 13:45:00,1791395100,TWLO,274.385009765625,274.54998779296875,274.29998779296875,274.3450012207031,7132
2026-10-07 13:46:00,1791395160,TWLO,274.44000244140625,274.57000732421875,274.32000732421875,274.32000732421875,4065
2026-10-07 13:47:00,1791395220,TWLO,274.44500732421875,274.6300048828125,274.44500732421875,274.6300048828125,7200
2026-10-07 13:48:00,1791395280,TWLO,274.5299987792969,274.6499938964844,274.45001220703125,274.45001220703125,5394
2026-10-07 13:49:00,1791395340,TWLO,274.4750061035156,274.5400085449219,274.4200134277344,274.4200134277344,5083
2026-10-07 13:50:00,1791395400,TWLO,274.30499267578125,274.4800109863281,274.260009765625,274.260009765625,3607
2026-10-07 13:51:00,1791395460,TWLO,274.260009765625,274.42999267578125,273.95001220703125,273.95001220703125,2648
2026-10-07 13:52:00,1791395520,TWLO,274.0799865722656,274.1300048828125,274.010009765625,274.1199951171875,4060
2026-10-07 13:53:00,1791395580,TWLO,274.1300048828125,274.30499267578125,274.04010009765625,274.1499938964844,14803
2026-10-07 13:54:00,1791395640,TWLO,274.0899963378906,274.0899963378906,273.7650146484375,273.7650146484375,3662
2026-10-07 13:55:00,1791395700,TWLO,273.7699890136719,274.0899963378906,273.7699890136719,274.010009765625,8017
2026-10-07 13:56:00,1791395760,TWLO,274.0150146484375,274.0400085449219,273.92498779296875,274.0400085449219,5080
2026-10-07 13:57:00,1791395820,TWLO,273.9849853515625,274.0899963378906,273.94000244140625,274.0299987792969,4351
2026-10-07 13:58:00,1791395880,TWLO,273.92999267578125,273.94000244140625,273.8699951171875,273.8699951171875,3351
2026-10-07 13:59:00,1791395940,TWLO,273.7699890136719,273.9750061035156,273.6000061035156,273.93499755859375,7094
2026-10-07 14:00:00,1791396000,TWLO,273.8500061035156,273.95001220703125,273.635009765625,273.7699890136719,6095
2026-10-07 14:01:00,1791396060,TWLO,273.7550048828125,273.885009765625,273.7099914550781,273.885009765625,2665
2026-10-07 14:02:00,1791396120,TWLO,273.9599914550781,273.9800109863281,273.7749938964844,273.8699951171875,6609
2026-10-07 14:03:00,1791396180,TWLO,273.875,273.875,273.5950012207031,273.5950012207031,3881
2026-10-07 14:04:00,1791396240,TWLO,273.7049865722656,273.82501220703125,273.7049865722656,273.82000732421875,6144
2026-10-07 14:05:00,1791396300,TWLO,273.9088134765625,274.0,273.8599853515625,273.8599853515625,2536
2026-10-07 14:06:00,1791396360,TWLO,273.7200012207031,273.7200012207031,273.6300048828125,273.69000244140625,1124
2026-10-07 14:07:00,1791396420,TWLO,273.54998779296875,274.2300109863281,273.54998779296875,273.92999267578125,14488
2026-10-07 14:08:00,1791396480,TWLO,274.0199890136719,274.0450134277344,273.8399963378906,273.989990234375,2585
2026-10-07 14:09:00,1791396540,TWLO,274.0799865722656,274.4200134277344,273.989990234375,274.4200134277344,12967
2026-10-07 14:10:00,1791396600,TWLO,274.3900146484375,274.3900146484375,274.3900146484375,274.3900146484375,851
2026-10-07 14:11:00,1791396660,TWLO,274.2981872558594,274.70001220703125,274.2981872558594,274.70001220703125,3959
2026-10-07 14:12:00,1791396720,TWLO,274.69000244140625,274.69000244140625,274.5799865722656,274.5799865722656,1742
2026-10-07 14:13:00,1791396780,TWLO,274.510009765625,274.510009765625,274.20001220703125,274.3500061035156,3389
2026-10-07 14:14:00,1791396840,TWLO,274.2749938964844,274.375,274.20001220703125,274.2699890136719,3788
2026-10-07 14:15:00,1791396900,TWLO,274.31500244140625,274.4075012207031,274.260009765625,274.3900146484375,5115
2026-10-07 14:16:00,1791396960,TWLO,274.4898986816406,274.5,274.3999938964844,274.5,3117
2026-10-07 14:17:00,1791397020,TWLO,274.4200134277344,274.44000244140625,274.3500061035156,274.4049987792969,3141
2026-10-07 14:18:00,1791397080,TWLO,274.4100036621094,274.4100036621094,274.2284851074219,274.2284851074219,5267
2026-10-07 14:19:00,1791397140,TWLO,274.1650085449219,274.2200012207031,274.1650085449219,274.1650085449219,1013
2026-10-07 14:20:00,1791397200,TWLO,274.1300048828125,274.4700012207031,274.04998779296875,274.2900085449219,11026
2026-10-07 14:21:00,1791397260,TWLO,274.3349914550781,274.57501220703125,274.3349914550781,274.57501220703125,4511
2026-10-07 14:22:00,1791397320,TWLO,274.6600036621094,274.7550048828125,274.54998779296875,274.6700134277344,14890
2026-10-07 14:23:00,1791397380,TWLO,274.739990234375,274.79998779296875,274.3800964355469,274.3800964355469,4345
2026-10-07 14:24:00,1791397440,TWLO,274.6499938964844,274.6499938964844,274.44000244140625,274.4549865722656,5980
2026-10-07 14:25:00,1791397500,TWLO,274.44000244140625,274.44000244140625,274.2300109863281,274.3800048828125,2387
2026-10-07 14:26:00,1791397560,TWLO,274.3800048828125,274.3800048828125,274.3800048828125,274.3800048828125,334
2026-10-07 14:27:00,1791397620,TWLO,274.2200012207031,274.2799987792969,274.1700134277344,274.2300109863281,3318
2026-10-07 14:28:00,1791397680,TWLO,274.2799987792969,274.2900085449219,273.8349914550781,274.0,11535
2026-10-07 14:29:00,1791397740,TWLO,273.98748779296875,274.0249938964844,273.79998779296875,274.0249938964844,9129
2026-10-07 14:30:00,1791397800,TWLO,274.0249938964844,274.260009765625,273.885009765625,274.260009765625,6086
2026-10-07 14:31:00,1791397860,TWLO,274.3299865722656,274.3299865722656,273.7950134277344,273.7950134277344,3504
2026-10-07 14:32:00,1791397920,TWLO,273.82000732421875,274.05999755859375,273.82000732421875,273.8599853515625,3807
2026-10-07 14:33:00,1791397980,TWLO,273.760009765625,274.0199890136719,273.74249267578125,274.0199890136719,6064
2026-10-07 14:34:00,1791398040,TWLO,273.9800109863281,274.04998779296875,273.8699951171875,274.0450134277344,3999
2026-10-07 14:35:00,1791398100,TWLO,273.92999267578125,274.1199951171875,273.885009765625,273.94000244140625,9535
2026-10-07 14:36:00,1791398160,TWLO,274.0,274.0,273.5,273.5,10574
2026-10-07 14:37:00,1791398220,TWLO,273.29998779296875,273.29998779296875,272.7699890136719,273.1499938964844,19369
2026-10-07 14:38:00,1791398280,TWLO,273.1499938964844,273.760009765625,273.0899963378906,273.760009765625,9432
2026-10-07 14:39:00,1791398340,TWLO,273.7200012207031,274.0450134277344,273.5299987792969,274.0199890136719,10436
2026-10-07 14:40:00,1791398400,TWLO,274.2200012207031,274.2300109863281,274.114990234375,274.1600036621094,3939
2026-10-07 14:41:00,1791398460,TWLO,274.5,274.5400085449219,274.1600036621094,274.5,14095
2026-10-07 14:42:00,1791398520,TWLO,274.3800048828125,274.3800048828125,274.1499938964844,274.1499938964844,2942
2026-10-07 14:43:00,1791398580,TWLO,274.2200012207031,274.5199890136719,274.2200012207031,274.5195007324219,9165
2026-10-07 14:44:00,1791398640,TWLO,274.55999755859375,274.760009765625,274.54998779296875,274.7200012207031,4802
2026-10-07 14:45:00,1791398700,TWLO,275.2349853515625,275.3800048828125,274.5899963378906,275.2349853515625,9238
2026-10-07 14:46:00,1791398760,TWLO,275.32501220703125,275.3500061035156,275.2099914550781,275.29998779296875,3575
2026-10-07 14:47:00,1791398820,TWLO,275.1099853515625,275.42498779296875,275.1000061035156,275.2300109863281,12930
2026-10-07 14:48:00,1791398880,TWLO,275.1300048828125,275.1300048828125,275.114990234375,275.11749267578125,1133
2026-10-07 14:49:00,1791398940,TWLO,275.114990234375,275.2250061035156,274.93499755859375,275.05999755859375,7153
2026-10-07 14:50:00,1791399000,TWLO,275.05999755859375,275.06500244140625,274.80999755859375,274.9800109863281,6278
2026-10-07 14:51:00,1791399060,TWLO,274.9150085449219,274.95001220703125,274.9150085449219,274.94500732421875,2731
2026-10-07 14:52:00,1791399120,TWLO,274.94500732421875,275.2250061035156,274.94500732421875,275.19500732421875,6802
2026-10-07 14:53:00,1791399180,TWLO,275.2250061035156,275.2250061035156,274.8005065917969,275.1400146484375,8106
2026-10-07 14:54:00,1791399240,TWLO,275.1400146484375,275.260009765625,275.1400146484375,275.1650085449219,3130
2026-10-07 14:55:00,1791399300,TWLO,275.1650085449219,275.260009765625,275.1600036621094,275.239990234375,5399
2026-10-07 14:56:00,1791399360,TWLO,275.2349853515625,275.260009765625,275.1600036621094,275.2349853515625,3993
2026-10-07 14:57:00,1791399420,TWLO,275.1700134277344,275.45001220703125,275.1700134277344,275.385009765625,6480
2026-10-07 14:58:00,1791399480,TWLO,275.375,275.385009765625,275.375,275.385009765625,1971
2026-10-07 14:59:00,1791399540,TWLO,275.1499938964844,275.2900085449219,275.0299987792969,275.1499938964844,6727
2026-10-07 15:00:00,1791399600,TWLO,275.0299987792969,275.1300048828125,274.9599914550781,275.010009765625,5521
2026-10-07 15:01:00,1791399660,TWLO,274.8399963378906,274.8450012207031,274.8349914550781,274.8349914550781,4065
2026-10-07 15:02:00,1791399720,TWLO,274.8500061035156,274.8800048828125,274.7699890136719,274.8599853515625,5324
2026-10-07 15:03:00,1791399780,TWLO,274.8949890136719,274.8949890136719,274.57501220703125,274.6199951171875,3964
2026-10-07 15:04:00,1791399840,TWLO,274.6099853515625,274.7300109863281,274.42498779296875,274.5799865722656,3403
2026-10-07 15:05:00,1791399900,TWLO,274.5799865722656,274.8450012207031,274.5799865722656,274.8009033203125,14552
2026-10-07 15:06:00,1791399960,TWLO,274.6199951171875,274.6400146484375,274.510009765625,274.54998779296875,6049
2026-10-07 15:07:00,1791400020,TWLO,274.55499267578125,274.6050109863281,274.54998779296875,274.54998779296875,1655
2026-10-07 15:08:00,1791400080,TWLO,274.6099853515625,274.614990234375,274.6099853515625,274.614990234375,2466
2026-10-07 15:09:00,1791400140,TWLO,274.614990234375,274.614990234375,273.8349914550781,273.8429870605469,7190
2026-10-07 15:10:00,1791400200,TWLO,273.82000732421875,273.8299865722656,273.6700134277344,273.760009765625,4290
2026-10-07 15:11:00,1791400260,TWLO,273.75,273.7650146484375,273.37030029296875,273.37030029296875,12087
2026-10-07 15:12:00,1791400320,TWLO,273.54998779296875,273.614990234375,273.4849853515625,273.54998779296875,6314
2026-10-07 15:13:00,1791400380,TWLO,273.45001220703125,273.69000244140625,273.385009765625,273.6700134277344,12432
2026-10-07 15:14:00,1791400440,TWLO,273.67999267578125,273.9800109863281,273.58160400390625,273.94000244140625,8630
2026-10-07 15:15:00,1791400500,TWLO,273.92999267578125,274.5199890136719,273.86749267578125,274.4599914550781,6628
2026-10-07 15:16:00,1791400560,TWLO,274.45001220703125,274.45001220703125,274.45001220703125,274.45001220703125,1117
2026-10-07 15:17:00,1791400620,TWLO,274.2799987792969,274.6300048828125,274.2699890136719,274.5899963378906,6329
2026-10-07 15:18:00,1791400680,TWLO,274.6300048828125,274.6300048828125,274.5450134277344,274.5450134277344,1969
2026-10-07 15:19:00,1791400740,TWLO,274.489990234375,274.6099853515625,274.3599853515625,274.57501220703125,4250
2026-10-07 15:20:00,1791400800,TWLO,274.5799865722656,274.75,274.5799865722656,274.75,5958
2026-10-07 15:21:00,1791400860,TWLO,274.6700134277344,274.6700134277344,274.4200134277344,274.4200134277344,5520
2026-10-07 15:22:00,1791400920,TWLO,274.7349853515625,274.7349853515625,274.2799987792969,274.7349853515625,7989
2026-10-07 15:23:00,1791400980,TWLO,274.6099853515625,274.739990234375,274.4100036621094,274.614990234375,5913
2026-10-07 15:24:00,1791401040,TWLO,274.5150146484375,274.54998779296875,274.42498779296875,274.54998779296875,4804
2026-10-07 15:25:00,1791401100,TWLO,274.4100036621094,274.6499938964844,274.4100036621094,274.5799865722656,9503
2026-10-07 15:26:00,1791401160,TWLO,274.6000061035156,274.6000061035156,274.4100036621094,274.4849853515625,4776
2026-10-07 15:27:00,1791401220,TWLO,274.5050048828125,274.69000244140625,274.5050048828125,274.67498779296875,6856
2026-10-07 15:28:00,1791401280,TWLO,274.69500732421875,274.760009765625,274.6700134277344,274.6700134277344,5379
2026-10-07 15:29:00,1791401340,TWLO,274.7449951171875,274.8299865722656,274.6600036621094,274.68499755859375,7061
2026-10-07 15:30:00,1791401400,TWLO,274.70001220703125,274.95001220703125,274.6700134277344,274.6700134277344,8411
2026-10-07 15:31:00,1791401460,TWLO,274.6600036621094,274.8800048828125,274.6000061035156,274.8800048828125,8616
2026-10-07 15:32:00,1791401520,TWLO,274.7850036621094,274.7850036621094,274.5899963378906,274.69500732421875,5581
2026-10-07 15:33:00,1791401580,TWLO,274.7099914550781,274.7200012207031,274.489990234375,274.7149963378906,8778
2026-10-07 15:34:00,1791401640,TWLO,274.8399963378906,274.95001220703125,274.635009765625,274.79998779296875,4586
2026-10-07 15:35:00,1791401700,TWLO,274.7799987792969,274.7799987792969,274.7799987792969,274.7799987792969,10330
2026-10-07 15:36:00,1791401760,TWLO,274.5899963378906,274.5899963378906,274.17999267578125,274.17999267578125,4785
2026-10-07 15:37:00,1791401820,TWLO,274.05999755859375,274.05999755859375,273.9599914550781,274.0,1910
2026-10-07 15:38:00,1791401880,TWLO,274.0,274.3500061035156,273.9100036621094,274.2799987792969,13402
2026-10-07 15:39:00,1791401940,TWLO,274.3699951171875,274.55999755859375,274.3500061035156,274.3599853515625,5868
2026-10-07 15:40:00,1791402000,TWLO,274.2550048828125,274.2799987792969,274.239990234375,274.2799987792969,2170
2026-10-07 15:41:00,1791402060,TWLO,274.2900085449219,274.7300109863281,274.2799987792969,274.6099853515625,16848
2026-10-07 15:42:00,1791402120,TWLO,274.6199951171875,274.8399963378906,274.57000732421875,274.8299865722656,7656
2026-10-07 15:43:00,1791402180,TWLO,274.8500061035156,274.8999938964844,274.6300048828125,274.80499267578125,9558
2026-10-07 15:44:00,1791402240,TWLO,274.7200012207031,274.7200012207031,274.3599853515625,274.3599853515625,11054
2026-10-07 15:45:00,1791402300,TWLO,274.2349853515625,274.3299865722656,274.1099853515625,274.1099853515625,4632
2026-10-07 15:46:00,1791402360,TWLO,274.04998779296875,274.0799865722656,273.7699890136719,273.8500061035156,10282
2026-10-07 15:47:00,1791402420,TWLO,273.7799987792969,273.79998779296875,273.3299865722656,273.3500061035156,14252
2026-10-07 15:48:00,1791402480,TWLO,273.3500061035156,273.44000244140625,273.2300109863281,273.29998779296875,11441
2026-10-07 15:49:00,1791402540,TWLO,273.3999938964844,273.4100036621094,273.0350036621094,273.0450134277344,13244
2026-10-07 15:50:00,1791402600,TWLO,273.17498779296875,273.5675048828125,273.17498779296875,273.4100036621094,17043
2026-10-07 15:51:00,1791402660,TWLO,273.4100036621094,273.489990234375,272.875,272.875,12447
2026-10-07 15:52:00,1791402720,TWLO,272.9200134277344,273.1000061035156,272.8550109863281,272.8550109863281,17864
2026-10-07 15:53:00,1791402780,TWLO,272.79998779296875,273.0899963378906,272.7200012207031,272.8599853515625,14913
2026-10-07 15:54:00,1791402840,TWLO,272.92999267578125,273.0299987792969,272.5849914550781,272.6600036621094,21075
2026-10-07 15:55:00,1791402900,TWLO,272.79998779296875,272.9100036621094,272.05499267578125,272.3299865722656,93850
2026-10-07 15:56:00,1791402960,TWLO,272.30999755859375,272.42999267578125,272.04998779296875,272.4100036621094,40138
2026-10-07 15:57:00,1791403020,TWLO,272.3999938964844,272.6300048828125,272.3450012207031,272.44500732421875,48517
2026-10-07 15:58:00,1791403080,TWLO,272.44500732421875,272.75,272.2300109863281,272.5400085449219,94395
2026-10-07 15:59:00,1791403140,TWLO,272.5,273.1000061035156,272.4800109863281,272.9700012207031,106605
2026-10-07 16:00:00,1791403200,TWLO,273.0,273.0,273.0,273.0,0
2026-10-08 09:30:00,1791466200,TWLO,273.8599853515625,274.79998779296875,273.4599914550781,273.4599914550781,19761
2026-10-08 09:31:00,1791466260,TWLO,274.79998779296875,275.5249938964844,274.07000732421875,274.7550048828125,8266
2026-10-08 09:32:00,1791466320,TWLO,274.760009765625,275.9100036621094,274.760009765625,274.7699890136719,2088
2026-10-08 09:33:00,1791466380,TWLO,274.7699890136719,277.5199890136719,274.7699890136719,277.5177001953125,4266
2026-10-08 09:34:00,1791466440,TWLO,277.19000244140625,279.85699462890625,277.19000244140625,279.2049865722656,12723
2026-10-08 09:35:00,1791466500,TWLO,278.54998779296875,278.95989990234375,276.92498779296875,276.92498779296875,10522
2026-10-08 09:36:00,1791466560,TWLO,277.010009765625,278.2709045410156,277.010009765625,277.1499938964844,2874
2026-10-08 09:37:00,1791466620,TWLO,277.9200134277344,278.4527893066406,277.8999938964844,278.4527893066406,1671
2026-10-08 09:38:00,1791466680,TWLO,277.9649963378906,278.7598876953125,277.4700012207031,277.93499755859375,2767
2026-10-08 09:39:00,1791466740,TWLO,278.2752990722656,278.2752990722656,277.340087890625,277.9200134277344,2742
2026-10-08 09:40:00,1791466800,TWLO,277.9150085449219,277.9599914550781,276.42999267578125,276.42999267578125,7721
2026-10-08 09:41:00,1791466860,TWLO,276.0799865722656,276.5599060058594,275.7550048828125,275.7550048828125,2078
2026-10-08 09:42:00,1791466920,TWLO,276.0137023925781,276.32000732421875,275.5799865722656,275.8349914550781,4806
2026-10-08 09:43:00,1791466980,TWLO,275.8349914550781,275.8349914550781,275.1300048828125,275.3399963378906,3370
2026-10-08 09:44:00,1791467040,TWLO,275.1300048828125,275.9700012207031,275.0,275.5249938964844,7277
2026-10-08 09:45:00,1791467100,TWLO,275.510009765625,275.860107421875,275.4800109863281,275.4800109863281,1283
2026-10-08 09:46:00,1791467160,TWLO,275.4599914550781,275.56500244140625,275.42999267578125,275.56500244140625,1159
2026-10-08 09:47:00,1791467220,TWLO,275.44000244140625,276.0350036621094,275.44000244140625,276.0350036621094,1692
2026-10-08 09:48:00,1791467280,TWLO,275.3671875,275.8500061035156,275.3671875,275.8500061035156,993
2026-10-08 09:49:00,1791467340,TWLO,275.7250061035156,276.1883850097656,275.6600036621094,275.6600036621094,1079
2026-10-08 09:50:00,1791467400,TWLO,276.19000244140625,276.989990234375,275.7349853515625,276.989990234375,6547
2026-10-08 09:51:00,1791467460,TWLO,277.17999267578125,277.760009765625,276.8949890136719,277.760009765625,7769
2026-10-08 09:52:00,1791467520,TWLO,277.7550048828125,278.0199890136719,277.30999755859375,277.30999755859375,2699
2026-10-08 09:53:00,1791467580,TWLO,277.9949951171875,278.5199890136719,277.9949951171875,278.5199890136719,2912
2026-10-08 09:54:00,1791467640,TWLO,278.8799133300781,279.2300109863281,278.30999755859375,278.3299865722656,5876
2026-10-08 09:55:00,1791467700,TWLO,278.010009765625,278.9599914550781,277.625,278.9599914550781,5812
2026-10-08 09:56:00,1791467760,TWLO,278.9150085449219,278.9150085449219,277.9100036621094,278.5,6511
2026-10-08 09:57:00,1791467820,TWLO,278.4100036621094,278.5382080078125,278.4100036621094,278.4599914550781,4032
2026-10-08 09:58:00,1791467880,TWLO,278.5,278.9599914550781,277.4700012207031,277.9800109863281,7851
2026-10-08 09:59:00,1791467940,TWLO,278.05999755859375,278.3550109863281,277.55999755859375,277.95001220703125,3060
2026-10-08 10:00:00,1791468000,TWLO,277.5639953613281,277.5639953613281,276.75,277.2650146484375,4437
2026-10-08 10:01:00,1791468060,TWLO,276.75,277.2300109863281,276.75,277.1099853515625,6494
2026-10-08 10:02:00,1791468120,TWLO,277.010009765625,277.114990234375,276.739990234375,276.79998779296875,3159
2026-10-08 10:03:00,1791468180,TWLO,276.7950134277344,278.17999267578125,276.7900085449219,277.614990234375,7188
2026-10-08 10:04:00,1791468240,TWLO,277.43499755859375,277.43499755859375,277.43499755859375,277.43499755859375,429
2026-10-08 10:05:00,1791468300,TWLO,277.29998779296875,277.3299865722656,276.6300048828125,276.9100036621094,11004
2026-10-08 10:06:00,1791468360,TWLO,277.1300048828125,277.1300048828125,277.07000732421875,277.07000732421875,2307
2026-10-08 10:07:00,1791468420,TWLO,276.6300048828125,276.760009765625,276.6300048828125,276.6600036621094,1334
2026-10-08 10:08:00,1791468480,TWLO,276.9068908691406,276.9068908691406,276.535888671875,276.535888671875,3498
2026-10-08 10:09:00,1791468540,TWLO,276.5400085449219,277.1700134277344,276.5400085449219,277.0299987792969,9008
2026-10-08 10:10:00,1791468600,TWLO,277.5899963378906,277.7665100097656,276.7900085449219,277.0899963378906,2938
2026-10-08 10:11:00,1791468660,TWLO,277.385009765625,277.385009765625,277.385009765625,277.385009765625,523
2026-10-08 10:12:00,1791468720,TWLO,277.3399963378906,277.5098876953125,277.3324890136719,277.5098876953125,1511
2026-10-08 10:13:00,1791468780,TWLO,276.7900085449219,277.2950134277344,276.7900085449219,276.7900085449219,3599
2026-10-08 10:14:00,1791468840,TWLO,276.9700012207031,277.0299987792969,276.45001220703125,276.9643859863281,3151
2026-10-08 10:15:00,1791468900,TWLO,276.625,277.70001220703125,276.625,277.1700134277344,5346
2026-10-08 10:16:00,1791468960,TWLO,277.0849914550781,277.6000061035156,276.53009033203125,277.43499755859375,1866
2026-10-08 10:17:00,1791469020,TWLO,277.8399963378906,278.0199890136719,277.5299987792969,278.0,3309
2026-10-08 10:18:00,1791469080,TWLO,277.69000244140625,278.4798889160156,277.4901123046875,277.4901123046875,4230
2026-10-08 10:19:00,1791469140,TWLO,277.9150085449219,278.6650085449219,277.8999938964844,278.5299987792969,5465
2026-10-08 10:20:00,1791469200,TWLO,278.010009765625,278.7900085449219,278.010009765625,278.7007141113281,1365
2026-10-08 10:21:00,1791469260,TWLO,278.75,278.75,278.0899963378906,278.30999755859375,2271
2026-10-08 10:22:00,1791469320,TWLO,277.92608642578125,278.7550048828125,277.92608642578125,278.7550048828125,1999
2026-10-08 10:23:00,1791469380,TWLO,278.7349853515625,278.9599914550781,278.2900085449219,278.2900085449219,1353
2026-10-08 10:24:00,1791469440,TWLO,279.0,279.2550048828125,279.0,279.2550048828125,2455
2026-10-08 10:25:00,1791469500,TWLO,279.2799987792969,279.2799987792969,279.25,279.2799987792969,1916
2026-10-08 10:26:00,1791469560,TWLO,279.1549987792969,279.3999938964844,279.1000061035156,279.25,1488
2026-10-08 10:27:00,1791469620,TWLO,279.4700012207031,279.4700012207031,279.2651062011719,279.2699890136719,719
2026-10-08 10:28:00,1791469680,TWLO,279.5,279.7699890136719,278.989990234375,278.989990234375,8098
2026-10-08 10:29:00,1791469740,TWLO,278.7900085449219,278.7900085449219,278.5150146484375,278.70001220703125,2335
2026-10-08 10:30:00,1791469800,TWLO,278.5150146484375,278.5150146484375,278.4800109863281,278.4800109863281,506
2026-10-08 10:31:00,1791469860,TWLO,278.4800109863281,278.4800109863281,278.0799865722656,278.0799865722656,1336
2026-10-08 10:32:00,1791469920,TWLO,278.4549865722656,278.4601135253906,278.4549865722656,278.4599914550781,727
2026-10-08 10:33:00,1791469980,TWLO,278.6600036621094,278.8900146484375,278.6499938964844,278.8900146484375,2461
2026-10-08 10:34:00,1791470040,TWLO,278.9800109863281,279.1099853515625,278.9800109863281,279.1000061035156,2281
2026-10-08 10:35:00,1791470100,TWLO,278.80999755859375,278.80999755859375,278.44000244140625,278.6300048828125,4480
2026-10-08 10:36:00,1791470160,TWLO,278.44000244140625,279.1099853515625,278.44000244140625,279.1099853515625,4016
2026-10-08 10:37:00,1791470220,TWLO,279.1499938964844,279.5350036621094,279.1499938964844,279.5350036621094,1618
2026-10-08 10:38:00,1791470280,TWLO,279.3900146484375,279.5,279.0473937988281,279.4549865722656,6467
2026-10-08 10:39:00,1791470340,TWLO,279.4549865722656,279.4549865722656,278.9200134277344,279.1099853515625,1865
2026-10-08 10:40:00,1791470400,TWLO,279.239990234375,279.3699951171875,279.1099853515625,279.2101135253906,2317
2026-10-08 10:41:00,1791470460,TWLO,278.9601135253906,278.9601135253906,278.9601135253906,278.9601135253906,498
2026-10-08 10:42:00,1791470520,TWLO,279.364990234375,279.7300109863281,279.364990234375,279.70001220703125,1171
2026-10-08 10:43:00,1791470580,TWLO,279.69000244140625,279.7300109863281,279.4800109863281,279.69000244140625,1707
2026-10-08 10:44:00,1791470640,TWLO,279.6600036621094,279.6600036621094,279.45001220703125,279.4599914550781,5211
2026-10-08 10:45:00,1791470700,TWLO,279.4649963378906,279.6499938964844,279.4649963378906,279.489990234375,1414
2026-10-08 10:46:00,1791470760,TWLO,279.60260009765625,279.7300109863281,279.60260009765625,279.7300109863281,1656
2026-10-08 10:47:00,1791470820,TWLO,279.8699951171875,280.260009765625,279.8599853515625,280.2550048828125,7112
2026-10-08 10:48:00,1791470880,TWLO,280.0,280.260009765625,279.8247985839844,279.92498779296875,6287
2026-10-08 10:49:00,1791470940,TWLO,279.8299865722656,279.92999267578125,279.69610595703125,279.8037109375,2381
2026-10-08 10:50:00,1791471000,TWLO,279.9599914550781,279.9599914550781,279.7250061035156,279.7250061035156,1825
2026-10-08 10:51:00,1791471060,TWLO,279.7099914550781,279.7099914550781,279.65008544921875,279.6600036621094,1484
2026-10-08 10:52:00,1791471120,TWLO,279.4949951171875,279.7049865722656,279.4949951171875,279.4949951171875,1483
2026-10-08 10:53:00,1791471180,TWLO,279.7300109863281,279.9849853515625,279.7300109863281,279.9849853515625,1711
2026-10-08 10:54:00,1791471240,TWLO,279.7950134277344,279.80999755859375,279.75,279.80499267578125,1088
2026-10-08 10:55:00,1791471300,TWLO,279.6199951171875,279.70001220703125,279.6000061035156,279.6099853515625,1832
2026-10-08 10:57:00,1791471420,TWLO,279.70001220703125,280.260009765625,279.70001220703125,280.260009765625,3620
2026-10-08 10:58:00,1791471480,TWLO,280.0274963378906,280.04998779296875,279.82000732421875,280.0199890136719,1685
2026-10-08 10:59:00,1791471540,TWLO,280.0,280.0,279.4100036621094,279.80999755859375,1986
2026-10-08 11:00:00,1791471600,TWLO,279.7724914550781,279.7724914550781,279.45001220703125,279.45001220703125,1933
2026-10-08 11:02:00,1791471720,TWLO,279.8500061035156,279.8500061035156,279.8500061035156,279.8500061035156,843
2026-10-08 11:03:00,1791471780,TWLO,279.6099853515625,279.6099853515625,279.4100036621094,279.6099853515625,2025
2026-10-08 11:04:00,1791471840,TWLO,279.5,279.9599914550781,279.5,279.9599914550781,1802
2026-10-08 11:05:00,1791471900,TWLO,279.70001220703125,279.9700012207031,279.70001220703125,279.75,958
2026-10-08 11:07:00,1791472020,TWLO,279.9049987792969,280.1499938964844,279.8999938964844,280.13470458984375,4400
2026-10-08 11:08:00,1791472080,TWLO,279.8699951171875,280.2799987792969,279.8699951171875,280.2799987792969,3158
2026-10-08 11:09:00,1791472140,TWLO,280.17999267578125,280.29998779296875,280.17999267578125,280.2749938964844,829
2026-10-08 11:10:00,1791472200,TWLO,280.29998779296875,280.5299987792969,280.0,280.0,4005
2026-10-08 11:11:00,1791472260,TWLO,280.19000244140625,280.409912109375,279.6499938964844,279.6499938964844,2949
2026-10-08 11:12:00,1791472320,TWLO,279.57000732421875,279.80999755859375,279.57000732421875,279.80999755859375,2215
2026-10-08 11:13:00,1791472380,TWLO,279.7900085449219,280.1000061035156,279.5899963378906,280.1000061035156,1204
2026-10-08 11:14:00,1791472440,TWLO,280.0899963378906,280.1000061035156,279.8550109863281,279.8550109863281,1451
2026-10-08 11:15:00,1791472500,TWLO,279.9125061035156,279.9125061035156,279.9125061035156,279.9125061035156,957
2026-10-08 11:16:00,1791472560,TWLO,279.7550048828125,279.7550048828125,279.739990234375,279.739990234375,1283
2026-10-08 11:17:00,1791472620,TWLO,279.92498779296875,280.0899963378906,279.7699890136719,280.0899963378906,3142
2026-10-08 11:18:00,1791472680,TWLO,280.010009765625,280.0899963378906,279.20001220703125,279.20001220703125,5113
2026-10-08 11:19:00,1791472740,TWLO,279.239990234375,279.42999267578125,279.239990234375,279.42999267578125,1893
2026-10-08 11:20:00,1791472800,TWLO,279.74249267578125,279.7699890136719,279.43499755859375,279.74249267578125,2443
2026-10-08 11:21:00,1791472860,TWLO,279.57000732421875,279.57000732421875,279.20001220703125,279.4200134277344,1865
2026-10-08 11:22:00,1791472920,TWLO,279.1499938964844,279.6700134277344,279.0801086425781,279.3450012207031,2912
2026-10-08 11:23:00,1791472980,TWLO,279.0799865722656,279.2699890136719,278.92999267578125,278.92999267578125,3005
2026-10-08 11:24:00,1791473040,TWLO,278.9800109863281,279.29998779296875,278.9800109863281,279.29998779296875,2285
2026-10-08 11:25:00,1791473100,TWLO,279.5050048828125,279.5050048828125,279.2950134277344,279.30999755859375,1018
2026-10-08 11:26:00,1791473160,TWLO,279.2724914550781,279.2724914550781,279.010009765625,279.2099914550781,1694
2026-10-08 11:27:00,1791473220,TWLO,279.0751037597656,279.3299865722656,278.6600036621094,278.9200134277344,3673
2026-10-08 11:28:00,1791473280,TWLO,278.6662902832031,279.3800048828125,278.6662902832031,279.2049865722656,5562
2026-10-08 11:29:00,1791473340,TWLO,279.29998779296875,279.3299865722656,279.2449951171875,279.2449951171875,1767
2026-10-08 11:30:00,1791473400,TWLO,279.1050109863281,279.1050109863281,279.1000061035156,279.1000061035156,653
2026-10-08 11:31:00,1791473460,TWLO,279.1099853515625,279.1099853515625,279.1099853515625,279.1099853515625,237
2026-10-08 11:32:00,1791473520,TWLO,279.1050109863281,279.3699951171875,279.06500244140625,279.06500244140625,3113
2026-10-08 11:34:00,1791473640,TWLO,279.0799865722656,279.30999755859375,278.8599853515625,279.29998779296875,1618
2026-10-08 11:35:00,1791473700,TWLO,279.32501220703125,279.32501220703125,278.510009765625,278.510009765625,4908
2026-10-08 11:36:00,1791473760,TWLO,278.5299987792969,278.54998779296875,278.3500061035156,278.45001220703125,1927
2026-10-08 11:37:00,1791473820,TWLO,278.489990234375,278.9599914550781,278.489990234375,278.9200134277344,1378
2026-10-08 11:38:00,1791473880,TWLO,278.989990234375,279.0474853515625,278.760009765625,278.760009765625,2045
2026-10-08 11:39:00,1791473940,TWLO,278.8699951171875,278.8699951171875,278.54998779296875,278.75,792
2026-10-08 11:40:00,1791474000,TWLO,278.7650146484375,278.8800048828125,278.6499938964844,278.760009765625,1456
2026-10-08 11:41:00,1791474060,TWLO,278.69000244140625,278.95001220703125,278.6700134277344,278.80499267578125,2712
2026-10-08 11:43:00,1791474180,TWLO,278.8299865722656,279.0050048828125,278.8299865722656,279.0050048828125,2247
2026-10-08 11:44:00,1791474240,TWLO,279.0,279.0,278.7699890136719,278.7699890136719,1748
2026-10-08 11:45:00,1791474300,TWLO,278.86749267578125,278.9700012207031,278.86749267578125,278.9700012207031,1318
2026-10-08 11:46:00,1791474360,TWLO,278.9700012207031,279.1199951171875,278.9700012207031,279.1199951171875,1401
2026-10-08 11:47:00,1791474420,TWLO,279.239990234375,279.3900146484375,279.239990234375,279.385009765625,2328
2026-10-08 11:48:00,1791474480,TWLO,279.364990234375,279.364990234375,279.364990234375,279.364990234375,490
2026-10-08 11:49:00,1791474540,TWLO,279.364990234375,279.364990234375,279.30999755859375,279.30999755859375,1187
2026-10-08 11:50:00,1791474600,TWLO,279.2300109863281,279.57000732421875,279.2300109863281,279.3800048828125,6440
2026-10-08 11:51:00,1791474660,TWLO,279.239990234375,279.239990234375,279.20001220703125,279.20001220703125,1399
2026-10-08 11:53:00,1791474780,TWLO,279.260009765625,279.30999755859375,279.260009765625,279.30999755859375,2168
2026-10-08 11:54:00,1791474840,TWLO,279.0899963378906,279.3500061035156,279.0,279.2099914550781,10973
2026-10-08 11:55:00,1791474900,TWLO,278.92999267578125,279.1400146484375,278.69500732421875,278.7200012207031,2453
2026-10-08 11:56:00,1791474960,TWLO,278.6650085449219,278.6650085449219,278.6499938964844,278.6499938964844,992
2026-10-08 11:57:00,1791475020,TWLO,278.739990234375,278.739990234375,278.739990234375,278.739990234375,290
2026-10-08 11:58:00,1791475080,TWLO,278.8125,278.9800109863281,278.8125,278.8299865722656,3214
2026-10-08 11:59:00,1791475140,TWLO,279.010009765625,279.2950134277344,278.8504943847656,278.875,4413
2026-10-08 12:00:00,1791475200,TWLO,279.0400085449219,279.0400085449219,278.8900146484375,278.8900146484375,1812
2026-10-08 12:01:00,1791475260,TWLO,279.05999755859375,279.2300109863281,279.05999755859375,279.2200012207031,1893
2026-10-08 12:02:00,1791475320,TWLO,279.3699951171875,279.375,279.1600036621094,279.19000244140625,2827
2026-10-08 12:03:00,1791475380,TWLO,279.159912109375,279.159912109375,279.0400085449219,279.0400085449219,1184
2026-10-08 12:04:00,1791475440,TWLO,279.0450134277344,279.239990234375,279.0450134277344,279.04998779296875,1718
2026-10-08 12:05:00,1791475500,TWLO,279.1099853515625,279.1400146484375,279.010009765625,279.1400146484375,1422
2026-10-08 12:06:00,1791475560,TWLO,279.1400146484375,279.3550109863281,279.0799865722656,279.3550109863281,1371
2026-10-08 12:07:00,1791475620,TWLO,279.1600036621094,279.1600036621094,279.0400085449219,279.0400085449219,611
2026-10-08 12:08:00,1791475680,TWLO,279.07000732421875,279.07000732421875,278.4601135253906,278.4601135253906,1486
2026-10-08 12:09:00,1791475740,TWLO,278.6499938964844,278.6499938964844,278.4800109863281,278.5249938964844,718
2026-10-08 12:10:00,1791475800,TWLO,278.5350036621094,278.6400146484375,278.4700012207031,278.4700012207031,3404
2026-10-08 12:11:00,1791475860,TWLO,278.5299987792969,278.5299987792969,278.5199890136719,278.5299987792969,1080
2026-10-08 12:12:00,1791475920,TWLO,278.510009765625,278.510009765625,278.1000061035156,278.1000061035156,3899
2026-10-08 12:13:00,1791475980,TWLO,277.95001220703125,277.9700012207031,277.70001220703125,277.7550048828125,1476
2026-10-08 12:14:00,1791476040,TWLO,277.67999267578125,277.8599853515625,277.6499938964844,277.6549987792969,3153
2026-10-08 12:15:00,1791476100,TWLO,277.5899963378906,277.5899963378906,277.5899963378906,277.5899963378906,359
2026-10-08 12:16:00,1791476160,TWLO,277.5199890136719,277.6499938964844,277.510009765625,277.6499938964844,2272
2026-10-08 12:17:00,1791476220,TWLO,277.6449890136719,278.3575134277344,277.6449890136719,278.3575134277344,7038
2026-10-08 12:18:00,1791476280,TWLO,278.3500061035156,278.6199951171875,278.260009765625,278.260009765625,7629
2026-10-08 12:20:00,1791476400,TWLO,278.010009765625,278.0299987792969,278.010009765625,278.0299987792969,1369
2026-10-08 12:21:00,1791476460,TWLO,278.0,278.0,278.0,278.0,636
2026-10-08 12:22:00,1791476520,TWLO,278.2099914550781,278.2099914550781,277.9200134277344,277.9200134277344,1484
2026-10-08 12:23:00,1791476580,TWLO,277.9800109863281,277.9800109863281,277.864990234375,277.864990234375,1058
2026-10-08 12:24:00,1791476640,TWLO,278.0,278.0199890136719,277.7001037597656,277.7001037597656,1459
2026-10-08 12:25:00,1791476700,TWLO,278.1499938964844,278.1499938964844,277.95001220703125,277.95001220703125,1838
2026-10-08 12:26:00,1791476760,TWLO,278.1099853515625,278.2699890136719,277.95001220703125,278.2699890136719,3638
2026-10-08 12:27:00,1791476820,TWLO,278.30999755859375,278.30999755859375,278.30999755859375,278.30999755859375,529
2026-10-08 12:28:00,1791476880,TWLO,278.2799987792969,278.32000732421875,278.2799987792969,278.32000732421875,1187
2026-10-08 12:29:00,1791476940,TWLO,278.04998779296875,278.04998779296875,277.8599853515625,277.8900146484375,2340
2026-10-08 12:30:00,1791477000,TWLO,278.0199890136719,278.0199890136719,278.0199890136719,278.0199890136719,362
2026-10-08 12:31:00,1791477060,TWLO,278.05499267578125,278.2300109863281,278.05499267578125,278.2300109863281,3681
2026-10-08 12:32:00,1791477120,TWLO,278.239990234375,278.4468078613281,278.239990234375,278.4468078613281,383
2026-10-08 12:33:00,1791477180,TWLO,278.3450012207031,278.6199951171875,278.2550048828125,278.2699890136719,33046
2026-10-08 12:34:00,1791477240,TWLO,278.2699890136719,278.875,278.2300109863281,278.79998779296875,15296
2026-10-08 12:35:00,1791477300,TWLO,278.7200012207031,278.9100036621094,278.5950012207031,278.6802978515625,2962
2026-10-08 12:36:00,1791477360,TWLO,278.8999938964844,278.989990234375,278.7200012207031,278.7200012207031,1977
2026-10-08 12:37:00,1791477420,TWLO,278.885009765625,279.2200012207031,278.8450012207031,279.2200012207031,1813
2026-10-08 12:38:00,1791477480,TWLO,279.2200012207031,279.2200012207031,278.6499938964844,278.6499938964844,3111
2026-10-08 12:39:00,1791477540,TWLO,278.625,278.625,278.5899963378906,278.5899963378906,3181
2026-10-08 12:40:00,1791477600,TWLO,278.75,278.7699890136719,278.42999267578125,278.75,1339
2026-10-08 12:41:00,1791477660,TWLO,278.4700012207031,278.4949951171875,278.3599853515625,278.3999938964844,1387
2026-10-08 12:42:00,1791477720,TWLO,278.4049987792969,278.4049987792969,277.67498779296875,277.7200012207031,4677
2026-10-08 12:43:00,1791477780,TWLO,277.4800109863281,277.4800109863281,277.3599853515625,277.3599853515625,883
2026-10-08 12:44:00,1791477840,TWLO,277.42498779296875,277.6300048828125,277.42498779296875,277.57000732421875,3814
2026-10-08 12:45:00,1791477900,TWLO,277.8450012207031,277.8450012207031,277.8450012207031,277.8450012207031,854
2026-10-08 12:46:00,1791477960,TWLO,277.864990234375,277.9800109863281,277.6600036621094,277.9800109863281,2942
2026-10-08 12:47:00,1791478020,TWLO,278.159912109375,278.159912109375,277.55999755859375,277.55999755859375,2696
2026-10-08 12:48:00,1791478080,TWLO,277.45001220703125,277.4599914550781,277.1099853515625,277.30999755859375,2816
2026-10-08 12:49:00,1791478140,TWLO,277.2799987792969,277.2799987792969,276.81768798828125,276.9700012207031,1682
2026-10-08 12:50:00,1791478200,TWLO,277.239990234375,277.239990234375,276.70001220703125,277.0400085449219,6414
2026-10-08 12:51:00,1791478260,TWLO,277.07501220703125,277.07501220703125,276.8599853515625,276.8599853515625,1968
2026-10-08 12:52:00,1791478320,TWLO,276.9750061035156,277.010009765625,276.8999938964844,276.9800109863281,1909
2026-10-08 12:53:00,1791478380,TWLO,276.9700012207031,276.9700012207031,276.9700012207031,276.9700012207031,850
2026-10-08 12:54:00,1791478440,TWLO,276.67999267578125,277.5899963378906,276.67999267578125,277.5899963378906,4241
2026-10-08 12:55:00,1791478500,TWLO,277.57000732421875,277.7349853515625,277.57000732421875,277.7349853515625,1129
2026-10-08 12:56:00,1791478560,TWLO,277.5799865722656,277.5799865722656,277.2200012207031,277.2200012207031,2452
2026-10-08 12:57:00,1791478620,TWLO,277.0150146484375,277.20001220703125,276.7900085449219,276.9800109863281,2385
2026-10-08 12:58:00,1791478680,TWLO,277.1300048828125,277.2300109863281,276.7799987792969,276.7799987792969,1997
2026-10-08 12:59:00,1791478740,TWLO,277.0899963378906,277.0899963378906,277.0899963378906,277.0899963378906,385
2026-10-08 13:00:00,1791478800,TWLO,277.0849914550781,277.0899963378906,276.5799865722656,276.6700134277344,10330
2026-10-08 13:01:00,1791478860,TWLO,276.6700134277344,277.0799865722656,276.6700134277344,277.0450134277344,12502
2026-10-08 13:02:00,1791478920,TWLO,277.0299987792969,277.760009765625,277.0050048828125,277.5707092285156,2824
2026-10-08 13:03:00,1791478980,TWLO,277.6650085449219,277.6650085449219,277.4599914550781,277.4599914550781,1188
2026-10-08 13:04:00,1791479040,TWLO,277.45001220703125,277.45001220703125,277.260009765625,277.3699951171875,1742
2026-10-08 13:05:00,1791479100,TWLO,277.8800048828125,277.8800048828125,277.45001220703125,277.45001220703125,1563
2026-10-08 13:06:00,1791479160,TWLO,277.2200012207031,277.4599914550781,277.1099853515625,277.1099853515625,3129
2026-10-08 13:07:00,1791479220,TWLO,277.1099853515625,277.4339904785156,276.9100036621094,276.9800109863281,2904
2026-10-08 13:08:00,1791479280,TWLO,277.3800048828125,277.3800048828125,276.739990234375,277.0249938964844,3396
2026-10-08 13:09:00,1791479340,TWLO,277.0249938964844,277.0249938964844,276.739990234375,276.95001220703125,1328
2026-10-08 13:10:00,1791479400,TWLO,276.885009765625,276.94500732421875,276.510009765625,276.6700134277344,4509
2026-10-08 13:11:00,1791479460,TWLO,276.7550048828125,276.92999267578125,276.5,276.92999267578125,2519
2026-10-08 13:12:00,1791479520,TWLO,276.9223937988281,277.57000732421875,276.82501220703125,277.57000732421875,30562
2026-10-08 13:13:00,1791479580,TWLO,277.5150146484375,277.7799987792969,277.3800048828125,277.3800048828125,3228
2026-10-08 13:14:00,1791479640,TWLO,277.5899963378906,278.1400146484375,277.5899963378906,278.1400146484375,2901
2026-10-08 13:15:00,1791479700,TWLO,278.4700012207031,278.5950012207031,278.4700012207031,278.5950012207031,576
2026-10-08 13:16:00,1791479760,TWLO,278.7300109863281,278.9849853515625,278.489990234375,278.7449951171875,2243
2026-10-08 13:17:00,1791479820,TWLO,278.3900146484375,278.6925048828125,278.19000244140625,278.3699951171875,2906
2026-10-08 13:18:00,1791479880,TWLO,278.3399963378906,278.3399963378906,277.8900146484375,277.8900146484375,2359
2026-10-08 13:19:00,1791479940,TWLO,277.8301086425781,277.9599914550781,277.8301086425781,277.9549865722656,1264
2026-10-08 13:20:00,1791480000,TWLO,277.989990234375,277.989990234375,277.5,277.5,1903
2026-10-08 13:21:00,1791480060,TWLO,277.7099914550781,277.7099914550781,277.7099914550781,277.7099914550781,1302
2026-10-08 13:22:00,1791480120,TWLO,277.69500732421875,277.69500732421875,277.0899963378906,277.0899963378906,2296
2026-10-08 13:23:00,1791480180,TWLO,277.0899963378906,277.2300109863281,277.07000732421875,277.1400146484375,2506
2026-10-08 13:24:00,1791480240,TWLO,276.8699951171875,276.8699951171875,276.6300048828125,276.6700134277344,4019
2026-10-08 13:25:00,1791480300,TWLO,276.3900146484375,276.3999938964844,275.7149963378906,275.8699951171875,6619
2026-10-08 13:26:00,1791480360,TWLO,275.8999938964844,276.17999267578125,275.7099914550781,275.8299865722656,16248
2026-10-08 13:27:00,1791480420,TWLO,275.94000244140625,276.125,275.7799987792969,275.7799987792969,2539
2026-10-08 13:28:00,1791480480,TWLO,275.42999267578125,275.82000732421875,275.3493957519531,275.82000732421875,2207
2026-10-08 13:29:00,1791480540,TWLO,275.6499938964844,276.010009765625,275.6499938964844,275.989990234375,2535
2026-10-08 13:30:00,1791480600,TWLO,275.9200134277344,275.92999267578125,275.9200134277344,275.92999267578125,632
2026-10-08 13:31:00,1791480660,TWLO,276.489990234375,276.489990234375,276.489990234375,276.489990234375,702
2026-10-08 13:32:00,1791480720,TWLO,276.75,276.75,276.75,276.75,941
2026-10-08 13:33:00,1791480780,TWLO,276.2701110839844,276.6600036621094,276.260009765625,276.3399963378906,7161
2026-10-08 13:34:00,1791480840,TWLO,276.1300048828125,276.57000732421875,276.1300048828125,276.17999267578125,1474
2026-10-08 13:35:00,1791480900,TWLO,276.7749938964844,276.7749938964844,276.7699890136719,276.7699890136719,563
2026-10-08 13:36:00,1791480960,TWLO,276.5799865722656,276.6499938964844,276.510009765625,276.5249938964844,1704
2026-10-08 13:37:00,1791481020,TWLO,276.44000244140625,276.6300048828125,276.2300109863281,276.2300109863281,2286
2026-10-08 13:38:00,1791481080,TWLO,276.2200012207031,276.2200012207031,276.05999755859375,276.1000061035156,1875
2026-10-08 13:39:00,1791481140,TWLO,276.17999267578125,276.4525146484375,275.94000244140625,276.4525146484375,1613
2026-10-08 13:40:00,1791481200,TWLO,276.44500732421875,276.4599914550781,276.44500732421875,276.4599914550781,786
2026-10-08 13:41:00,1791481260,TWLO,276.2799987792969,276.2900085449219,276.2799987792969,276.2900085449219,411
2026-10-08 13:42:00,1791481320,TWLO,276.2900085449219,276.4599914550781,276.2650146484375,276.28009033203125,1719
2026-10-08 13:43:00,1791481380,TWLO,276.2799987792969,276.2799987792969,275.8699951171875,275.8699951171875,2236
2026-10-08 13:44:00,1791481440,TWLO,275.9049987792969,276.1099853515625,275.739990234375,275.739990234375,611
2026-10-08 13:45:00,1791481500,TWLO,275.8949890136719,276.1050109863281,275.7301025390625,275.7301025390625,2097
2026-10-08 13:46:00,1791481560,TWLO,275.739990234375,275.75,275.70001220703125,275.75,1193
2026-10-08 13:47:00,1791481620,TWLO,275.6424865722656,275.739990234375,275.6424865722656,275.739990234375,1232
2026-10-08 13:48:00,1791481680,TWLO,275.70001220703125,275.70001220703125,275.70001220703125,275.70001220703125,1089
2026-10-08 13:49:00,1791481740,TWLO,275.70001220703125,275.70001220703125,275.489990234375,275.489990234375,753
2026-10-08 13:50:00,1791481800,TWLO,275.70001220703125,275.75,275.70001220703125,275.75,1641
2026-10-08 13:51:00,1791481860,TWLO,275.80999755859375,276.0199890136719,275.7200012207031,276.0199890136719,2278
2026-10-08 13:52:00,1791481920,TWLO,275.70001220703125,276.0,275.70001220703125,275.82501220703125,2493
2026-10-08 13:53:00,1791481980,TWLO,275.82000732421875,275.92498779296875,275.7950134277344,275.7950134277344,1202
2026-10-08 13:54:00,1791482040,TWLO,275.7900085449219,275.7900085449219,275.7900085449219,275.7900085449219,381
2026-10-08 13:55:00,1791482100,TWLO,275.9700012207031,277.20001220703125,275.9700012207031,276.20001220703125,20842
2026-10-08 13:56:00,1791482160,TWLO,276.2550048828125,276.2550048828125,275.989990234375,276.010009765625,2298
2026-10-08 13:57:00,1791482220,TWLO,275.9599914550781,276.6499938964844,275.9599914550781,276.6499938964844,1620
2026-10-08 13:58:00,1791482280,TWLO,276.45001220703125,276.70001220703125,276.4150085449219,276.70001220703125,2455
2026-10-08 13:59:00,1791482340,TWLO,276.6099853515625,276.739990234375,276.55999755859375,276.55999755859375,1590
2026-10-08 14:00:00,1791482400,TWLO,276.7300109863281,276.82000732421875,276.3800048828125,276.42999267578125,2692
2026-10-08 14:01:00,1791482460,TWLO,276.2550048828125,276.2550048828125,275.94000244140625,275.94000244140625,1067
2026-10-08 14:02:00,1791482520,TWLO,275.9949951171875,275.9949951171875,275.7250061035156,275.7300109863281,1814
2026-10-08 14:03:00,1791482580,TWLO,276.12860107421875,276.20001220703125,276.12860107421875,276.20001220703125,1689
2026-10-08 14:04:00,1791482640,TWLO,276.3800048828125,276.3800048828125,276.3800048828125,276.3800048828125,747
2026-10-08 14:05:00,1791482700,TWLO,276.010009765625,276.010009765625,276.010009765625,276.010009765625,614
2026-10-08 14:06:00,1791482760,TWLO,276.0799865722656,276.0799865722656,275.8500061035156,276.0799865722656,2011
2026-10-08 14:07:00,1791482820,TWLO,276.4200134277344,276.4200134277344,276.20001220703125,276.2250061035156,1269
2026-10-08 14:08:00,1791482880,TWLO,276.20001220703125,276.20001220703125,275.92999267578125,275.95001220703125,1388
2026-10-08 14:09:00,1791482940,TWLO,275.95001220703125,276.1199951171875,275.95001220703125,276.1199951171875,1382
2026-10-08 14:11:00,1791483060,TWLO,276.0400085449219,276.3500061035156,276.0400085449219,276.3500061035156,3870
2026-10-08 14:12:00,1791483120,TWLO,276.17999267578125,276.45001220703125,276.17999267578125,276.45001220703125,1348
2026-10-08 14:13:00,1791483180,TWLO,276.45001220703125,276.45001220703125,276.32000732421875,276.32000732421875,732
2026-10-08 14:14:00,1791483240,TWLO,276.3599853515625,276.75,276.3599853515625,276.7300109863281,1993
2026-10-08 14:15:00,1791483300,TWLO,276.91790771484375,277.4971008300781,276.7300109863281,277.0400085449219,7824
2026-10-08 14:16:00,1791483360,TWLO,276.94000244140625,277.1099853515625,276.5700988769531,276.9599914550781,3428
2026-10-08 14:17:00,1791483420,TWLO,276.9800109863281,277.17999267578125,276.6900939941406,276.8974914550781,2195
2026-10-08 14:18:00,1791483480,TWLO,276.69000244140625,277.1050109863281,276.69000244140625,276.7900085449219,1255
2026-10-08 14:19:00,1791483540,TWLO,277.1050109863281,277.1050109863281,276.69000244140625,277.1000061035156,1446
2026-10-08 14:20:00,1791483600,TWLO,277.0050048828125,277.0050048828125,277.0050048828125,277.0050048828125,868
2026-10-08 14:21:00,1791483660,TWLO,276.989990234375,277.1600036621094,276.989990234375,277.0799865722656,2075
2026-10-08 14:22:00,1791483720,TWLO,277.22100830078125,277.3299865722656,277.07501220703125,277.114990234375,2959
2026-10-08 14:23:00,1791483780,TWLO,277.1199951171875,277.3399963378906,277.1199951171875,277.19000244140625,1458
2026-10-08 14:24:00,1791483840,TWLO,277.294189453125,277.294189453125,277.1300048828125,277.1300048828125,2248
2026-10-08 14:25:00,1791483900,TWLO,277.20001220703125,277.20001220703125,276.82000732421875,276.82000732421875,2836
2026-10-08 14:26:00,1791483960,TWLO,276.8900146484375,277.0799865722656,276.8800048828125,276.8949890136719,1709
2026-10-08 14:27:00,1791484020,TWLO,276.8949890136719,277.0899963378906,276.8900146484375,277.05999755859375,1905
2026-10-08 14:28:00,1791484080,TWLO,277.010009765625,277.010009765625,277.010009765625,277.010009765625,785
2026-10-08 14:29:00,1791484140,TWLO,277.1700134277344,277.1700134277344,276.6900939941406,276.9150085449219,1442
2026-10-08 14:30:00,1791484200,TWLO,276.67999267578125,276.95001220703125,276.5799865722656,276.95001220703125,3623
2026-10-08 14:31:00,1791484260,TWLO,276.7099914550781,277.0899963378906,276.70001220703125,276.8699951171875,2360
2026-10-08 14:32:00,1791484320,TWLO,276.864990234375,277.5400085449219,276.864990234375,277.5400085449219,2176
2026-10-08 14:33:00,1791484380,TWLO,277.375,277.4930114746094,276.9599914550781,277.2200012207031,2120
2026-10-08 14:34:00,1791484440,TWLO,277.1199951171875,277.1199951171875,277.0775146484375,277.0775146484375,1389
2026-10-08 14:35:00,1791484500,TWLO,277.0899963378906,277.0899963378906,276.79010009765625,276.79010009765625,1252
2026-10-08 14:36:00,1791484560,TWLO,276.95001220703125,276.9599914550781,276.7900085449219,276.7900085449219,2798
2026-10-08 14:37:00,1791484620,TWLO,277.1199951171875,277.1199951171875,277.07000732421875,277.07000732421875,955
2026-10-08 14:38:00,1791484680,TWLO,277.04998779296875,277.0849914550781,277.0450134277344,277.0849914550781,2539
2026-10-08 14:39:00,1791484740,TWLO,277.0799865722656,277.0799865722656,277.0799865722656,277.0799865722656,772
2026-10-08 14:41:00,1791484860,TWLO,277.07501220703125,277.07501220703125,276.7799987792969,276.7799987792969,2901
2026-10-08 14:44:00,1791485040,TWLO,276.7200012207031,276.7250061035156,276.5799865722656,276.6400146484375,1702
2026-10-08 14:45:00,1791485100,TWLO,276.6600036621094,277.0199890136719,276.5799865722656,276.8500061035156,5708
2026-10-08 14:46:00,1791485160,TWLO,276.8399963378906,276.8399963378906,276.82000732421875,276.82000732421875,1612
2026-10-08 14:48:00,1791485280,TWLO,276.9898986816406,277.2200012207031,276.82000732421875,277.2200012207031,2356
2026-10-08 14:49:00,1791485340,TWLO,277.2300109863281,277.62249755859375,277.2300109863281,277.4442138671875,2141
2026-10-08 14:50:00,1791485400,TWLO,277.6449890136719,277.6449890136719,277.3699951171875,277.3699951171875,2310
2026-10-08 14:52:00,1791485520,TWLO,277.3699951171875,277.45001220703125,277.3059997558594,277.3699951171875,3595
2026-10-08 14:53:00,1791485580,TWLO,277.2099914550781,277.2749938964844,277.07000732421875,277.2749938964844,4345
2026-10-08 14:54:00,1791485640,TWLO,277.489990234375,277.489990234375,277.2799987792969,277.2950134277344,866
2026-10-08 14:55:00,1791485700,TWLO,277.30499267578125,277.5199890136719,277.30499267578125,277.3500061035156,3756
2026-10-08 14:56:00,1791485760,TWLO,277.3031005859375,277.3031005859375,277.3031005859375,277.3031005859375,722
2026-10-08 14:57:00,1791485820,TWLO,277.2900085449219,277.375,277.2300109863281,277.2300109863281,732
2026-10-08 14:58:00,1791485880,TWLO,277.3575134277344,277.375,276.9800109863281,277.0249938964844,5097
2026-10-08 14:59:00,1791485940,TWLO,276.7900085449219,277.05999755859375,276.7900085449219,276.9800109863281,2459
2026-10-08 15:00:00,1791486000,TWLO,276.9849853515625,276.9849853515625,276.6099853515625,276.6099853515625,3180
2026-10-08 15:01:00,1791486060,TWLO,276.6400146484375,277.0,276.6400146484375,276.7749938964844,1835
2026-10-08 15:02:00,1791486120,TWLO,276.8550109863281,276.8999938964844,276.8550109863281,276.8999938964844,1322
2026-10-08 15:03:00,1791486180,TWLO,276.70001220703125,276.8125,276.70001220703125,276.80999755859375,946
2026-10-08 15:04:00,1791486240,TWLO,276.760009765625,276.8599853515625,276.5899963378906,276.6600036621094,2698
2026-10-08 15:05:00,1791486300,TWLO,276.6650085449219,276.6700134277344,276.5799865722656,276.6700134277344,1339
2026-10-08 15:06:00,1791486360,TWLO,276.6400146484375,276.6400146484375,276.3500061035156,276.3500061035156,2207
2026-10-08 15:07:00,1791486420,TWLO,276.2300109863281,276.57989501953125,276.2300109863281,276.57989501953125,2176
2026-10-08 15:08:00,1791486480,TWLO,276.5799865722656,276.67999267578125,276.5799865722656,276.625,3497
2026-10-08 15:09:00,1791486540,TWLO,276.6400146484375,276.8599853515625,276.6400146484375,276.67498779296875,1195
2026-10-08 15:10:00,1791486600,TWLO,276.69500732421875,276.760009765625,276.69500732421875,276.7049865722656,1905
2026-10-08 15:11:00,1791486660,TWLO,276.6549987792969,276.6549987792969,276.42498779296875,276.42498779296875,2512
2026-10-08 15:12:00,1791486720,TWLO,276.42498779296875,276.4700012207031,276.1300048828125,276.1300048828125,4208
2026-10-08 15:13:00,1791486780,TWLO,276.3699951171875,276.42999267578125,276.29998779296875,276.29998779296875,1559
2026-10-08 15:14:00,1791486840,TWLO,276.3349914550781,276.3349914550781,276.1099853515625,276.1199951171875,2119
2026-10-08 15:15:00,1791486900,TWLO,276.3299865722656,276.5,276.04998779296875,276.3299865722656,4667
2026-10-08 15:16:00,1791486960,TWLO,276.5400085449219,276.7300109863281,275.5899963378906,276.3399963378906,64642
2026-10-08 15:17:00,1791487020,TWLO,276.3999938964844,276.6099853515625,276.3299865722656,276.3299865722656,4369
2026-10-08 15:18:00,1791487080,TWLO,276.30999755859375,276.364990234375,276.1499938964844,276.364990234375,1343
2026-10-08 15:19:00,1791487140,TWLO,276.3599853515625,276.6300048828125,276.32501220703125,276.44500732421875,3131
2026-10-08 15:20:00,1791487200,TWLO,276.44500732421875,276.4800109863281,276.4100036621094,276.44000244140625,4484
2026-10-08 15:22:00,1791487320,TWLO,276.45001220703125,276.45001220703125,276.45001220703125,276.45001220703125,1317
2026-10-08 15:23:00,1791487380,TWLO,276.25,276.5400085449219,276.2200012207031,276.2900085449219,9455
2026-10-08 15:24:00,1791487440,TWLO,276.1300048828125,276.1700134277344,276.1000061035156,276.1700134277344,2751
2026-10-08 15:25:00,1791487500,TWLO,276.1700134277344,276.17999267578125,275.9800109863281,275.9800109863281,5500
2026-10-08 15:26:00,1791487560,TWLO,275.9599914550781,276.1300048828125,275.8999938964844,276.04998779296875,6826
2026-10-08 15:27:00,1791487620,TWLO,276.0450134277344,276.0450134277344,276.0450134277344,276.0450134277344,628
2026-10-08 15:28:00,1791487680,TWLO,275.9200134277344,275.9200134277344,275.760009765625,275.82501220703125,3724
2026-10-08 15:29:00,1791487740,TWLO,275.8251037597656,276.010009765625,275.82501220703125,276.010009765625,2044
2026-10-08 15:30:00,1791487800,TWLO,276.0,276.2200012207031,275.9800109863281,276.1449890136719,7406
2026-10-08 15:31:00,1791487860,TWLO,275.9599914550781,276.0,275.9599914550781,276.0,1002
2026-10-08 15:32:00,1791487920,TWLO,276.0,276.0,275.2099914550781,275.2699890136719,12770
2026-10-08 15:33:00,1791487980,TWLO,275.2300109863281,275.42999267578125,275.2300109863281,275.4200134277344,3879
2026-10-08 15:34:00,1791488040,TWLO,275.42498779296875,275.42498779296875,275.07000732421875,275.07000732421875,2398
2026-10-08 15:35:00,1791488100,TWLO,275.0400085449219,275.1199951171875,275.0199890136719,275.1000061035156,7682
2026-10-08 15:36:00,1791488160,TWLO,275.30499267578125,275.30499267578125,275.30499267578125,275.30499267578125,5283
2026-10-08 15:37:00,1791488220,TWLO,275.57000732421875,275.57000732421875,275.57000732421875,275.57000732421875,4872
2026-10-08 15:38:00,1791488280,TWLO,275.5299987792969,275.5299987792969,275.32000732421875,275.3450012207031,5718
2026-10-08 15:39:00,1791488340,TWLO,275.29998779296875,275.3399963378906,275.1300048828125,275.29998779296875,1804
2026-10-08 15:40:00,1791488400,TWLO,275.1400146484375,275.25,275.1099853515625,275.19500732421875,5295
2026-10-08 15:41:00,1791488460,TWLO,275.29998779296875,275.4599914550781,275.2449951171875,275.2699890136719,8209
2026-10-08 15:42:00,1791488520,TWLO,275.2449951171875,275.44000244140625,275.2250061035156,275.364990234375,5200
2026-10-08 15:43:00,1791488580,TWLO,275.510009765625,275.510009765625,275.3424987792969,275.3424987792969,3248
2026-10-08 15:44:00,1791488640,TWLO,275.3599853515625,275.489990234375,275.3500061035156,275.489990234375,2748
2026-10-08 15:45:00,1791488700,TWLO,275.385009765625,275.5400085449219,275.385009765625,275.4599914550781,3481
2026-10-08 15:46:00,1791488760,TWLO,275.5400085449219,275.69000244140625,275.45001220703125,275.5400085449219,4309
2026-10-08 15:47:00,1791488820,TWLO,275.5899963378906,275.7099914550781,275.4549865722656,275.7099914550781,8584
2026-10-08 15:48:00,1791488880,TWLO,275.7099914550781,275.95001220703125,275.5199890136719,275.5199890136719,8947
2026-10-08 15:49:00,1791488940,TWLO,275.5,275.6600036621094,275.4800109863281,275.54998779296875,6515
2026-10-08 15:50:00,1791489000,TWLO,275.79998779296875,276.0199890136719,275.68499755859375,275.68499755859375,8150
2026-10-08 15:51:00,1791489060,TWLO,275.54998779296875,275.760009765625,275.3500061035156,275.6499938964844,11871
2026-10-08 15:52:00,1791489120,TWLO,275.54998779296875,275.54998779296875,275.07000732421875,275.1499938964844,7269
2026-10-08 15:53:00,1791489180,TWLO,275.07000732421875,275.32000732421875,275.07000732421875,275.1700134277344,9957
2026-10-08 15:54:00,1791489240,TWLO,275.18499755859375,275.2099914550781,274.8299865722656,275.010009765625,16942
2026-10-08 15:55:00,1791489300,TWLO,275.1199951171875,275.7099914550781,275.1199951171875,275.3550109863281,45829
2026-10-08 15:56:00,1791489360,TWLO,275.3599853515625,275.5,275.2049865722656,275.3500061035156,20105
2026-10-08 15:57:00,1791489420,TWLO,275.260009765625,276.1050109863281,275.260009765625,276.0400085449219,30914
2026-10-08 15:58:00,1791489480,TWLO,275.9775085449219,276.04998779296875,275.7799987792969,276.0,57377
2026-10-08 15:59:00,1791489540,TWLO,276.0050048828125,276.5199890136719,275.5899963378906,275.6300048828125,69661
2026-10-08 16:00:00,1791489600,TWLO,275.7699890136719,275.7699890136719,275.7699890136719,275.7699890136719,0
